2562

5 734 736 838 1964 1966 
5 642 643 1050 1142 2064 
5 1472 1474 1622 2294 2295 
5 1280 1282 1374 1434 1534 
5 684 686 750 850 1036 
5 888 890 992 1422 1522 
5 1764 1766 1826 1926 2026 
5 1572 1574 1714 1814 1914 
5 950 951 1088 1230 1330 
5 788 790 938 2280 2380 
5 1180 1182 1242 1666 1726 
5 1864 1866 2014 2202 2336 
6 654 656 672 673 1073 1121 
6 667 669 721 747 2075 2086 
6 697 699 710 724 773 825 
6 760 762 776 777 873 925 
6 801 803 814 828 2247 2258 
6 860 862 876 877 1003 1014 
6 901 903 914 928 2413 2457 
6 962 964 980 981 1361 1409 
6 975 977 1025 1047 1099 1110 
6 1060 1062 1076 1077 1165 1217 
6 1152 1154 1168 1169 2126 2140 
6 1193 1195 1206 1220 1265 1317 
6 1252 1254 1268 1269 1642 1656 
6 1293 1295 1306 1320 1350 1364 
6 1385 1387 1398 1412 1457 1509 
6 1444 1446 1460 1461 1557 1609 
6 1485 1487 1498 1512 2402 2416 
6 1544 1546 1560 1561 1653 1701 
6 1585 1587 1598 1612 2519 2530 
6 1677 1679 1690 1704 1749 1801 
6 1736 1738 1752 1753 2137 2181 
6 1777 1779 1790 1804 1849 1901 
6 1836 1838 1852 1853 1949 2001 
6 1877 1879 1890 1904 2497 2541 
6 1936 1938 1952 1953 2049 2097 
6 1977 1979 1990 2004 2212 2228 
6 2036 2038 2052 2053 2159 2170 
6 2223 2225 2269 2291 2347 2358 
6 2306 2308 2324 2325 2486 2500 
6 2319 2321 2369 2391 2435 2446 
6 645 647 651 652 1056 1070 
6 649 650 664 671 2067 2070 
6 658 659 662 665 706 718 
6 675 677 681 682 1133 1136 
6 679 680 694 701 704 707 
6 688 689 692 695 756 770 
6 712 713 716 719 730 744 
6 726 728 731 732 841 844 
6 738 739 742 745 2102 2105 
6 752 754 757 758 856 870 
6 764 765 768 771 810 822 
6 779 781 785 786 941 944 
6 783 784 798 805 808 811 
6 792 793 796 799 2274 2277 
6 816 817 820 823 834 846 
6 830 832 835 836 2239 2242 
6 852 854 857 858 1030 1033 
6 864 865 868 871 910 922 
6 879 881 885 886 995 998 
6 883 884 898 905 908 911 
6 892 893 896 899 2398 2410 
6 916 917 920 923 934 946 
6 930 932 935 936 2469 2472 
6 953 955 959 960 1346 1358 
6 957 958 972 979 1091 1094 
6 966 967 970 973 1010 1022 
6 983 985 989 990 1425 1428 
6 987 988 1000 1005 1008 1011 
6 1016 1017 1020 1023 1032 1044 
6 1038 1039 1042 1045 1126 1129 
6 1052 1054 1057 1058 1148 1162 
6 1064 1065 1068 1071 1106 1118 
6 1079 1081 1085 1086 1233 1236 
6 1083 1084 1096 1101 1104 1107 
6 1112 1113 1116 1119 1128 1138 
6 1144 1146 1149 1150 2143 2147 
6 1156 1157 1160 1163 1202 1214 
6 1171 1173 1177 1178 2120 2123 
6 1175 1176 1190 1197 1200 1203 
6 1184 1185 1188 1191 1248 1262 
6 1208 1209 1212 1215 1226 1238 
6 1222 1224 1227 1228 1333 1336 
6 1244 1246 1249 1250 1659 1663 
6 1256 1257 1260 1263 1302 1314 
6 1271 1273 1277 1278 1636 1639 
6 1275 1276 1290 1297 1300 1303 
6 1284 1285 1288 1291 1367 1371 
6 1308 1309 1312 1315 1326 1338 
6 1322 1324 1327 1328 1344 1347 
6 1352 1353 1356 1359 1394 1406 
6 1369 1370 1382 1389 1392 1395 
6 1376 1377 1380 1383 1440 1454 
6 1400 1401 1404 1407 1418 1430 
6 1414 1416 1419 1420 1525 1528 
6 1436 1438 1441 1442 1540 1554 
6 1448 1449 1452 1455 1494 1506 
6 1463 1465 1469 1470 1625 1628 
6 1467 1468 1482 1489 1492 1495 
6 1476 1477 1480 1483 2419 2423 
6 1500 1501 1504 1507 1518 1530 
6 1514 1516 1519 1520 2396 2399 
6 1536 1538 1541 1542 1638 1650 
6 1548 1549 1552 1555 1594 1606 
6 1563 1565 1569 1570 1717 1720 
6 1567 1568 1582 1589 1592 1595 
6 1576 1577 1580 1583 2546 2549 
6 1600 1601 1604 1607 1618 1630 
6 1614 1616 1619 1620 2511 2514 
6 1644 1645 1648 1651 1686 1698 
6 1661 1662 1674 1681 1684 1687 
6 1668 1669 1672 1675 1732 1746 
6 1692 1693 1696 1699 1710 1722 
6 1706 1708 1711 1712 1817 1820 
6 1728 1730 1733 1734 2122 2134 
6 1740 1741 1744 1747 1786 1798 
6 1755 1757 1761 1762 2193 2196 
6 1759 1760 1774 1781 1784 1787 
6 1768 1769 1772 1775 1832 1846 
6 1792 1793 1796 1799 1810 1822 
6 1806 1808 1811 1812 1917 1920 
6 1828 1830 1833 1834 1932 1946 
6 1840 1841 1844 1847 1886 1898 
6 1855 1857 1861 1862 2017 2020 
6 1859 1860 1874 1881 1884 1887 
6 1868 1869 1872 1875 2482 2494 
6 1892 1893 1896 1899 1910 1922 
6 1906 1908 1911 1912 2553 2556 
6 1928 1930 1933 1934 2032 2046 
6 1940 1941 1944 1947 1986 1998 
6 1955 1957 1961 1962 2109 2112 
6 1959 1960 1974 1981 1984 1987 
6 1968 1969 1972 1975 2231 2235 
6 1992 1993 1996 1999 2010 2022 
6 2006 2008 2011 2012 2205 2209 
6 2028 2030 2033 2034 2186 2189 
6 2040 2041 2044 2047 2082 2094 
6 2055 2057 2061 2062 2151 2154 
6 2059 2060 2072 2077 2080 2083 
6 2088 2089 2092 2095 2104 2114 
6 2128 2129 2132 2135 2166 2178 
6 2145 2146 2156 2161 2164 2167 
6 2172 2173 2176 2179 2188 2198 
6 2207 2208 2220 2227 2339 2342 
6 2214 2215 2218 2221 2254 2266 
6 2233 2234 2244 2249 2252 2255 
6 2260 2261 2264 2267 2276 2288 
6 2282 2283 2286 2289 2374 2377 
6 2297 2299 2303 2304 2503 2507 
6 2301 2302 2316 2323 2427 2430 
6 2310 2311 2314 2317 2354 2366 
6 2327 2329 2333 2334 2480 2483 
6 2331 2332 2344 2349 2352 2355 
6 2360 2361 2364 2367 2376 2388 
6 2382 2383 2386 2389 2462 2465 
6 2404 2405 2408 2411 2442 2454 
6 2421 2422 2432 2437 2440 2443 
6 2448 2449 2452 2455 2464 2474 
6 2488 2489 2492 2495 2526 2538 
6 2505 2506 2516 2521 2524 2527 
6 2532 2533 2536 2539 2548 2558 
6 642 644 645 646 1051 1055 
6 643 644 648 650 2065 2066 
6 646 647 648 649 660 663 
6 651 653 654 655 1074 1075 
6 652 653 657 659 660 661 
6 655 656 657 658 702 705 
6 661 662 663 664 666 670 
6 665 666 667 668 722 723 
6 668 669 670 671 2073 2074 
6 672 674 675 676 1139 1140 
6 673 674 678 680 702 703 
6 676 677 678 679 690 693 
6 681 683 684 685 1131 1132 
6 682 683 687 689 690 691 
6 685 686 687 688 751 755 
6 691 692 693 694 696 700 
6 695 696 697 698 774 775 
6 698 699 700 701 708 709 
6 703 704 705 706 714 717 
6 707 708 711 713 714 715 
6 709 710 711 712 725 729 
6 715 716 717 718 720 723 
6 719 720 721 722 748 749 
6 724 725 726 727 847 848 
6 727 728 729 730 740 743 
6 731 733 734 735 839 840 
6 732 733 737 739 740 741 
6 735 736 737 738 2106 2107 
6 741 742 743 744 746 749 
6 745 746 747 748 2100 2101 
6 750 751 752 753 851 855 
6 753 754 755 756 766 769 
6 757 759 760 761 874 875 
6 758 759 763 765 766 767 
6 761 762 763 764 806 809 
6 767 768 769 770 772 775 
6 771 772 773 774 826 827 
6 776 778 779 780 947 948 
6 777 778 782 784 806 807 
6 780 781 782 783 794 797 
6 785 787 788 789 939 940 
6 786 787 791 793 794 795 
6 789 790 791 792 2278 2279 
6 795 796 797 798 800 804 
6 799 800 801 802 2272 2273 
6 802 803 804 805 812 813 
6 807 808 809 810 818 821 
6 811 812 815 817 818 819 
6 813 814 815 816 829 833 
6 819 820 821 822 824 827 
6 823 824 825 826 848 849 
6 828 829 830 831 2245 2246 
6 831 832 833 834 842 845 
6 835 837 838 839 2237 2238 
6 836 837 840 841 842 843 
6 843 844 845 846 847 849 
6 850 851 852 853 1034 1035 
6 853 854 855 856 866 869 
6 857 859 860 861 1028 1029 
6 858 859 863 865 866 867 
6 861 862 863 864 906 909 
6 867 868 869 870 872 875 
6 871 872 873 874 926 927 
6 876 878 879 880 1001 1002 
6 877 878 882 884 906 907 
6 880 881 882 883 894 897 
6 885 887 888 889 993 994 
6 886 887 891 893 894 895 
6 889 890 891 892 2394 2397 
6 895 896 897 898 900 904 
6 899 900 901 902 2414 2415 
6 902 903 904 905 912 913 
6 907 908 909 910 918 921 
6 911 912 915 917 918 919 
6 913 914 915 916 929 933 
6 919 920 921 922 924 927 
6 923 924 925 926 948 949 
6 928 929 930 931 2475 2476 
6 931 932 933 934 942 945 
6 935 937 938 939 2467 2468 
6 936 937 940 941 942 943 
6 943 944 945 946 947 949 
6 950 952 953 954 1342 1345 
6 951 952 956 958 1089 1090 
6 954 955 956 957 968 971 
6 959 961 962 963 1362 1363 
6 960 961 965 967 968 969 
6 963 964 965 966 1006 1009 
6 969 970 971 972 974 978 
6 973 974 975 976 1026 1027 
6 976 977 978 979 1097 1098 
6 980 982 983 984 1431 1432 
6 981 982 986 988 1006 1007 
6 984 985 986 987 996 999 
6 989 991 992 993 1423 1424 
6 990 991 994 995 996 997 
6 997 998 999 1000 1001 1004 
6 1002 1003 1004 1005 1012 1013 
6 1007 1008 1009 1010 1018 1021 
6 1011 1012 1015 1017 1018 1019 
6 1013 1014 1015 1016 1028 1031 
6 1019 1020 1021 1022 1024 1027 
6 1023 1024 1025 1026 1048 1049 
6 1029 1030 1031 1032 1040 1043 
6 1033 1034 1037 1039 1040 1041 
6 1035 1036 1037 1038 1130 1131 
6 1041 1042 1043 1044 1046 1049 
6 1045 1046 1047 1048 1124 1125 
6 1050 1051 1052 1053 1143 1147 
6 1053 1054 1055 1056 1066 1069 
6 1057 1059 1060 1061 1166 1167 
6 1058 1059 1063 1065 1066 1067 
6 1061 1062 1063 1064 1102 1105 
6 1067 1068 1069 1070 1072 1075 
6 1071 1072 1073 1074 1122 1123 
6 1076 1078 1079 1080 1239 1240 
6 1077 1078 1082 1084 1102 1103 
6 1080 1081 1082 1083 1092 1095 
6 1085 1087 1088 1089 1231 1232 
6 1086 1087 1090 1091 1092 1093 
6 1093 1094 1095 1096 1097 1100 
6 1098 1099 1100 1101 1108 1109 
6 1103 1104 1105 1106 1114 1117 
6 1107 1108 1111 1113 1114 1115 
6 1109 1110 1111 1112 1124 1127 
6 1115 1116 1117 1118 1120 1123 
6 1119 1120 1121 1122 1140 1141 
6 1125 1126 1127 1128 1134 1137 
6 1129 1130 1132 1133 1134 1135 
6 1135 1136 1137 1138 1139 1141 
6 1142 1143 1144 1145 2148 2149 
6 1145 1146 1147 1148 1158 1161 
6 1149 1151 1152 1153 2141 2142 
6 1150 1151 1155 1157 1158 1159 
6 1153 1154 1155 1156 1198 1201 
6 1159 1160 1161 1162 1164 1167 
6 1163 1164 1165 1166 1218 1219 
6 1168 1170 1171 1172 2124 2125 
6 1169 1170 1174 1176 1198 1199 
6 1172 1173 1174 1175 1186 1189 
6 1177 1179 1180 1181 2118 2119 
6 1178 1179 1183 1185 1186 1187 
6 1181 1182 1183 1184 1243 1247 
6 1187 1188 1189 1190 1192 1196 
6 1191 1192 1193 1194 1266 1267 
6 1194 1195 1196 1197 1204 1205 
6 1199 1200 1201 1202 1210 1213 
6 1203 1204 1207 1209 1210 1211 
6 1205 1206 1207 1208 1221 1225 
6 1211 1212 1213 1214 1216 1219 
6 1215 1216 1217 1218 1240 1241 
6 1220 1221 1222 1223 1339 1340 
6 1223 1224 1225 1226 1234 1237 
6 1227 1229 1230 1231 1331 1332 
6 1228 1229 1232 1233 1234 1235 
6 1235 1236 1237 1238 1239 1241 
6 1242 1243 1244 1245 1664 1665 
6 1245 1246 1247 1248 1258 1261 
6 1249 1251 1252 1253 1657 1658 
6 1250 1251 1255 1257 1258 1259 
6 1253 1254 1255 1256 1298 1301 
6 1259 1260 1261 1262 1264 1267 
6 1263 1264 1265 1266 1318 1319 
6 1268 1270 1271 1272 1640 1641 
6 1269 1270 1274 1276 1298 1299 
6 1272 1273 1274 1275 1286 1289 
6 1277 1279 1280 1281 1634 1635 
6 1278 1279 1283 1285 1286 1287 
6 1281 1282 1283 1284 1372 1373 
6 1287 1288 1289 1290 1292 1296 
6 1291 1292 1293 1294 1365 1366 
6 1294 1295 1296 1297 1304 1305 
6 1299 1300 1301 1302 1310 1313 
6 1303 1304 1307 1309 1310 1311 
6 1305 1306 1307 1308 1321 1325 
6 1311 1312 1313 1314 1316 1319 
6 1315 1316 1317 1318 1340 1341 
6 1320 1321 1322 1323 1348 1349 
6 1323 1324 1325 1326 1334 1337 
6 1327 1329 1330 1331 1342 1343 
6 1328 1329 1332 1333 1334 1335 
6 1335 1336 1337 1338 1339 1341 
6 1343 1344 1345 1346 1354 1357 
6 1347 1348 1351 1353 1354 1355 
6 1349 1350 1351 1352 1390 1393 
6 1355 1356 1357 1358 1360 1363 
6 1359 1360 1361 1362 1410 1411 
6 1364 1365 1368 1370 1390 1391 
6 1366 1367 1368 1369 1378 1381 
6 1371 1372 1375 1377 1378 1379 
6 1373 1374 1375 1376 1435 1439 
6 1379 1380 1381 1382 1384 1388 
6 1383 1384 1385 1386 1458 1459 
6 1386 1387 1388 1389 1396 1397 
6 1391 1392 1393 1394 1402 1405 
6 1395 1396 1399 1401 1402 1403 
6 1397 1398 1399 1400 1413 1417 
6 1403 1404 1405 1406 1408 1411 
6 1407 1408 1409 1410 1432 1433 
6 1412 1413 1414 1415 1531 1532 
6 1415 1416 1417 1418 1426 1429 
6 1419 1421 1422 1423 1523 1524 
6 1420 1421 1424 1425 1426 1427 
6 1427 1428 1429 1430 1431 1433 
6 1434 1435 1436 1437 1535 1539 
6 1437 1438 1439 1440 1450 1453 
6 1441 1443 1444 1445 1558 1559 
6 1442 1443 1447 1449 1450 1451 
6 1445 1446 1447 1448 1490 1493 
6 1451 1452 1453 1454 1456 1459 
6 1455 1456 1457 1458 1510 1511 
6 1460 1462 1463 1464 1631 1632 
6 1461 1462 1466 1468 1490 1491 
6 1464 1465 1466 1467 1478 1481 
6 1469 1471 1472 1473 1623 1624 
6 1470 1471 1475 1477 1478 1479 
6 1473 1474 1475 1476 2424 2425 
6 1479 1480 1481 1482 1484 1488 
6 1483 1484 1485 1486 2417 2418 
6 1486 1487 1488 1489 1496 1497 
6 1491 1492 1493 1494 1502 1505 
6 1495 1496 1499 1501 1502 1503 
6 1497 1498 1499 1500 1513 1517 
6 1503 1504 1505 1506 1508 1511 
6 1507 1508 1509 1510 1532 1533 
6 1512 1513 1514 1515 2400 2401 
6 1515 1516 1517 1518 1526 1529 
6 1519 1521 1522 1523 2394 2395 
6 1520 1521 1524 1525 1526 1527 
6 1527 1528 1529 1530 1531 1533 
6 1534 1535 1536 1537 1634 1637 
6 1537 1538 1539 1540 1550 1553 
6 1541 1543 1544 1545 1654 1655 
6 1542 1543 1547 1549 1550 1551 
6 1545 1546 1547 1548 1590 1593 
6 1551 1552 1553 1554 1556 1559 
6 1555 1556 1557 1558 1610 1611 
6 1560 1562 1563 1564 1723 1724 
6 1561 1562 1566 1568 1590 1591 
6 1564 1565 1566 1567 1578 1581 
6 1569 1571 1572 1573 1715 1716 
6 1570 1571 1575 1577 1578 1579 
6 1573 1574 1575 1576 2550 2551 
6 1579 1580 1581 1582 1584 1588 
6 1583 1584 1585 1586 2544 2545 
6 1586 1587 1588 1589 1596 1597 
6 1591 1592 1593 1594 1602 1605 
6 1595 1596 1599 1601 1602 1603 
6 1597 1598 1599 1600 1613 1617 
6 1603 1604 1605 1606 1608 1611 
6 1607 1608 1609 1610 1632 1633 
6 1612 1613 1614 1615 2517 2518 
6 1615 1616 1617 1618 1626 1629 
6 1619 1621 1622 1623 2509 2510 
6 1620 1621 1624 1625 1626 1627 
6 1627 1628 1629 1630 1631 1633 
6 1635 1636 1637 1638 1646 1649 
6 1639 1640 1643 1645 1646 1647 
6 1641 1642 1643 1644 1682 1685 
6 1647 1648 1649 1650 1652 1655 
6 1651 1652 1653 1654 1702 1703 
6 1656 1657 1660 1662 1682 1683 
6 1658 1659 1660 1661 1670 1673 
6 1663 1664 1667 1669 1670 1671 
6 1665 1666 1667 1668 1727 1731 
6 1671 1672 1673 1674 1676 1680 
6 1675 1676 1677 1678 1750 1751 
6 1678 1679 1680 1681 1688 1689 
6 1683 1684 1685 1686 1694 1697 
6 1687 1688 1691 1693 1694 1695 
6 1689 1690 1691 1692 1705 1709 
6 1695 1696 1697 1698 1700 1703 
6 1699 1700 1701 1702 1724 1725 
6 1704 1705 1706 1707 1823 1824 
6 1707 1708 1709 1710 1718 1721 
6 1711 1713 1714 1715 1815 1816 
6 1712 1713 1716 1717 1718 1719 
6 1719 1720 1721 1722 1723 1725 
6 1726 1727 1728 1729 2118 2121 
6 1729 1730 1731 1732 1742 1745 
6 1733 1735 1736 1737 2138 2139 
6 1734 1735 1739 1741 1742 1743 
6 1737 1738 1739 1740 1782 1785 
6 1743 1744 1745 1746 1748 1751 
6 1747 1748 1749 1750 1802 1803 
6 1752 1754 1755 1756 2199 2200 
6 1753 1754 1758 1760 1782 1783 
6 1756 1757 1758 1759 1770 1773 
6 1761 1763 1764 1765 2191 2192 
6 1762 1763 1767 1769 1770 1771 
6 1765 1766 1767 1768 1827 1831 
6 1771 1772 1773 1774 1776 1780 
6 1775 1776 1777 1778 1850 1851 
6 1778 1779 1780 1781 1788 1789 
6 1783 1784 1785 1786 1794 1797 
6 1787 1788 1791 1793 1794 1795 
6 1789 1790 1791 1792 1805 1809 
6 1795 1796 1797 1798 1800 1803 
6 1799 1800 1801 1802 1824 1825 
6 1804 1805 1806 1807 1923 1924 
6 1807 1808 1809 1810 1818 1821 
6 1811 1813 1814 1815 1915 1916 
6 1812 1813 1816 1817 1818 1819 
6 1819 1820 1821 1822 1823 1825 
6 1826 1827 1828 1829 1927 1931 
6 1829 1830 1831 1832 1842 1845 
6 1833 1835 1836 1837 1950 1951 
6 1834 1835 1839 1841 1842 1843 
6 1837 1838 1839 1840 1882 1885 
6 1843 1844 1845 1846 1848 1851 
6 1847 1848 1849 1850 1902 1903 
6 1852 1854 1855 1856 2023 2024 
6 1853 1854 1858 1860 1882 1883 
6 1856 1857 1858 1859 1870 1873 
6 1861 1863 1864 1865 2015 2016 
6 1862 1863 1867 1869 1870 1871 
6 1865 1866 1867 1868 2478 2481 
6 1871 1872 1873 1874 1876 1880 
6 1875 1876 1877 1878 2498 2499 
6 1878 1879 1880 1881 1888 1889 
6 1883 1884 1885 1886 1894 1897 
6 1887 1888 1891 1893 1894 1895 
6 1889 1890 1891 1892 1905 1909 
6 1895 1896 1897 1898 1900 1903 
6 1899 1900 1901 1902 1924 1925 
6 1904 1905 1906 1907 2559 2560 
6 1907 1908 1909 1910 1918 1921 
6 1911 1913 1914 1915 2551 2552 
6 1912 1913 1916 1917 1918 1919 
6 1919 1920 1921 1922 1923 1925 
6 1926 1927 1928 1929 2027 2031 
6 1929 1930 1931 1932 1942 1945 
6 1933 1935 1936 1937 2050 2051 
6 1934 1935 1939 1941 1942 1943 
6 1937 1938 1939 1940 1982 1985 
6 1943 1944 1945 1946 1948 1951 
6 1947 1948 1949 1950 2002 2003 
6 1952 1954 1955 1956 2115 2116 
6 1953 1954 1958 1960 1982 1983 
6 1956 1957 1958 1959 1970 1973 
6 1961 1963 1964 1965 2107 2108 
6 1962 1963 1967 1969 1970 1971 
6 1965 1966 1967 1968 2236 2237 
6 1971 1972 1973 1974 1976 1980 
6 1975 1976 1977 1978 2229 2230 
6 1978 1979 1980 1981 1988 1989 
6 1983 1984 1985 1986 1994 1997 
6 1987 1988 1991 1993 1994 1995 
6 1989 1990 1991 1992 2005 2009 
6 1995 1996 1997 1998 2000 2003 
6 1999 2000 2001 2002 2024 2025 
6 2004 2005 2006 2007 2210 2211 
6 2007 2008 2009 2010 2018 2021 
6 2011 2013 2014 2015 2203 2204 
6 2012 2013 2016 2017 2018 2019 
6 2019 2020 2021 2022 2023 2025 
6 2026 2027 2028 2029 2190 2191 
6 2029 2030 2031 2032 2042 2045 
6 2033 2035 2036 2037 2184 2185 
6 2034 2035 2039 2041 2042 2043 
6 2037 2038 2039 2040 2078 2081 
6 2043 2044 2045 2046 2048 2051 
6 2047 2048 2049 2050 2098 2099 
6 2052 2054 2055 2056 2157 2158 
6 2053 2054 2058 2060 2078 2079 
6 2056 2057 2058 2059 2068 2071 
6 2061 2063 2064 2065 2149 2150 
6 2062 2063 2066 2067 2068 2069 
6 2069 2070 2071 2072 2073 2076 
6 2074 2075 2076 2077 2084 2085 
6 2079 2080 2081 2082 2090 2093 
6 2083 2084 2087 2089 2090 2091 
6 2085 2086 2087 2088 2100 2103 
6 2091 2092 2093 2094 2096 2099 
6 2095 2096 2097 2098 2116 2117 
6 2101 2102 2103 2104 2110 2113 
6 2105 2106 2108 2109 2110 2111 
6 2111 2112 2113 2114 2115 2117 
6 2119 2120 2121 2122 2130 2133 
6 2123 2124 2127 2129 2130 2131 
6 2125 2126 2127 2128 2162 2165 
6 2131 2132 2133 2134 2136 2139 
6 2135 2136 2137 2138 2182 2183 
6 2140 2141 2144 2146 2162 2163 
6 2142 2143 2144 2145 2152 2155 
6 2147 2148 2150 2151 2152 2153 
6 2153 2154 2155 2156 2157 2160 
6 2158 2159 2160 2161 2168 2169 
6 2163 2164 2165 2166 2174 2177 
6 2167 2168 2171 2173 2174 2175 
6 2169 2170 2171 2172 2184 2187 
6 2175 2176 2177 2178 2180 2183 
6 2179 2180 2181 2182 2200 2201 
6 2185 2186 2187 2188 2194 2197 
6 2189 2190 2192 2193 2194 2195 
6 2195 2196 2197 2198 2199 2201 
6 2202 2203 2206 2208 2337 2338 
6 2204 2205 2206 2207 2216 2219 
6 2209 2210 2213 2215 2216 2217 
6 2211 2212 2213 2214 2250 2253 
6 2217 2218 2219 2220 2222 2226 
6 2221 2222 2223 2224 2270 2271 
6 2224 2225 2226 2227 2345 2346 
6 2228 2229 2232 2234 2250 2251 
6 2230 2231 2232 2233 2240 2243 
6 2235 2236 2238 2239 2240 2241 
6 2241 2242 2243 2244 2245 2248 
6 2246 2247 2248 2249 2256 2257 
6 2251 2252 2253 2254 2262 2265 
6 2255 2256 2259 2261 2262 2263 
6 2257 2258 2259 2260 2272 2275 
6 2263 2264 2265 2266 2268 2271 
6 2267 2268 2269 2270 2292 2293 
6 2273 2274 2275 2276 2284 2287 
6 2277 2278 2281 2283 2284 2285 
6 2279 2280 2281 2282 2378 2379 
6 2285 2286 2287 2288 2290 2293 
6 2289 2290 2291 2292 2372 2373 
6 2294 2296 2297 2298 2508 2509 
6 2295 2296 2300 2302 2425 2426 
6 2298 2299 2300 2301 2312 2315 
6 2303 2305 2306 2307 2501 2502 
6 2304 2305 2309 2311 2312 2313 
6 2307 2308 2309 2310 2350 2353 
6 2313 2314 2315 2316 2318 2322 
6 2317 2318 2319 2320 2370 2371 
6 2320 2321 2322 2323 2433 2434 
6 2324 2326 2327 2328 2484 2485 
6 2325 2326 2330 2332 2350 2351 
6 2328 2329 2330 2331 2340 2343 
6 2333 2335 2336 2337 2478 2479 
6 2334 2335 2338 2339 2340 2341 
6 2341 2342 2343 2344 2345 2348 
6 2346 2347 2348 2349 2356 2357 
6 2351 2352 2353 2354 2362 2365 
6 2355 2356 2359 2361 2362 2363 
6 2357 2358 2359 2360 2372 2375 
6 2363 2364 2365 2366 2368 2371 
6 2367 2368 2369 2370 2392 2393 
6 2373 2374 2375 2376 2384 2387 
6 2377 2378 2381 2383 2384 2385 
6 2379 2380 2381 2382 2466 2467 
6 2385 2386 2387 2388 2390 2393 
6 2389 2390 2391 2392 2460 2461 
6 2395 2396 2397 2398 2406 2409 
6 2399 2400 2403 2405 2406 2407 
6 2401 2402 2403 2404 2438 2441 
6 2407 2408 2409 2410 2412 2415 
6 2411 2412 2413 2414 2458 2459 
6 2416 2417 2420 2422 2438 2439 
6 2418 2419 2420 2421 2428 2431 
6 2423 2424 2426 2427 2428 2429 
6 2429 2430 2431 2432 2433 2436 
6 2434 2435 2436 2437 2444 2445 
6 2439 2440 2441 2442 2450 2453 
6 2443 2444 2447 2449 2450 2451 
6 2445 2446 2447 2448 2460 2463 
6 2451 2452 2453 2454 2456 2459 
6 2455 2456 2457 2458 2476 2477 
6 2461 2462 2463 2464 2470 2473 
6 2465 2466 2468 2469 2470 2471 
6 2471 2472 2473 2474 2475 2477 
6 2479 2480 2481 2482 2490 2493 
6 2483 2484 2487 2489 2490 2491 
6 2485 2486 2487 2488 2522 2525 
6 2491 2492 2493 2494 2496 2499 
6 2495 2496 2497 2498 2542 2543 
6 2500 2501 2504 2506 2522 2523 
6 2502 2503 2504 2505 2512 2515 
6 2507 2508 2510 2511 2512 2513 
6 2513 2514 2515 2516 2517 2520 
6 2518 2519 2520 2521 2528 2529 
6 2523 2524 2525 2526 2534 2537 
6 2527 2528 2531 2533 2534 2535 
6 2529 2530 2531 2532 2544 2547 
6 2535 2536 2537 2538 2540 2543 
6 2539 2540 2541 2542 2560 2561 
6 2545 2546 2547 2548 2554 2557 
6 2549 2550 2552 2553 2554 2555 
6 2555 2556 2557 2558 2559 2561 
6 1 162 643 644 1050 1051 
6 1 163 642 644 2064 2065 
6 162 163 642 643 646 648 
6 42 162 646 647 1055 1056 
6 162 164 644 645 647 648 
6 42 164 645 646 652 660 
6 163 164 644 646 649 650 
6 43 164 648 650 663 664 
6 43 163 648 649 2066 2067 
6 42 165 652 653 1070 1075 
6 42 166 647 651 653 660 
6 165 166 651 652 655 657 
6 12 165 655 656 1073 1074 
6 165 167 653 654 656 657 
6 12 167 654 655 673 702 
6 166 167 653 655 658 659 
6 44 167 657 659 705 706 
6 44 166 657 658 661 662 
6 164 166 647 652 661 663 
6 166 168 659 660 662 663 
6 44 168 659 661 665 666 
6 164 168 649 660 661 664 
6 43 168 649 663 670 671 
6 44 169 662 666 718 723 
6 168 169 662 665 668 670 
6 13 169 668 669 721 722 
6 169 170 666 667 669 670 
6 13 170 667 668 2074 2075 
6 168 170 664 666 668 671 
6 43 170 664 670 2070 2073 
6 12 171 673 674 1121 1140 
6 12 172 656 672 674 702 
6 171 172 672 673 676 678 
6 45 171 676 677 1136 1139 
6 171 173 674 675 677 678 
6 45 173 675 676 682 690 
6 172 173 674 676 679 680 
6 46 173 678 680 693 694 
6 46 172 678 679 703 704 
6 45 174 682 683 1132 1133 
6 45 175 677 681 683 690 
6 174 175 681 682 685 687 
6 4 174 685 686 1036 1131 
6 174 176 683 684 686 687 
6 4 176 684 685 750 751 
6 175 176 683 685 688 689 
6 47 176 687 689 755 756 
6 47 175 687 688 691 692 
6 173 175 677 682 691 693 
6 175 177 689 690 692 693 
6 47 177 689 691 695 696 
6 173 177 679 690 691 694 
6 46 177 679 693 700 701 
6 47 178 692 696 770 775 
6 177 178 692 695 698 700 
6 14 178 698 699 773 774 
6 178 179 696 697 699 700 
6 14 179 697 698 709 710 
6 177 179 694 696 698 701 
6 46 179 694 700 707 708 
6 167 172 656 673 703 705 
6 172 180 680 702 704 705 
6 46 180 680 703 707 714 
6 167 180 658 702 703 706 
6 44 180 658 705 717 718 
6 46 181 701 704 708 714 
6 179 181 701 707 709 711 
6 179 182 699 708 710 711 
6 14 182 699 709 724 725 
6 181 182 708 709 712 713 
6 48 182 711 713 729 730 
6 48 181 711 712 715 716 
6 180 181 704 707 715 717 
6 181 183 713 714 716 717 
6 48 183 713 715 719 720 
6 180 183 706 714 715 718 
6 44 183 665 706 717 723 
6 48 184 716 720 744 749 
6 183 184 716 719 722 723 
6 13 184 667 722 747 748 
6 169 184 667 720 721 723 
6 169 183 665 718 720 722 
6 14 185 710 725 825 848 
6 182 185 710 724 727 729 
6 49 185 727 728 844 847 
6 185 186 725 726 728 729 
6 49 186 726 727 732 740 
6 182 186 712 725 727 730 
6 48 186 712 729 743 744 
6 49 187 732 733 840 841 
6 49 188 728 731 733 740 
6 187 188 731 732 735 737 
6 0 187 735 736 838 839 
6 187 189 733 734 736 737 
6 0 189 734 735 1964 2107 
6 188 189 733 735 738 739 
6 50 189 737 739 2105 2106 
6 50 188 737 738 741 742 
6 186 188 728 732 741 743 
6 188 190 739 740 742 743 
6 50 190 739 741 745 746 
6 186 190 730 740 741 744 
6 48 190 719 730 743 749 
6 50 191 742 746 2101 2102 
6 190 191 742 745 748 749 
6 13 191 721 748 2086 2100 
6 184 191 721 746 747 749 
6 184 190 719 744 746 748 
6 4 192 686 751 850 851 
6 176 192 686 750 753 755 
6 51 192 753 754 855 856 
6 192 193 751 752 754 755 
6 51 193 752 753 758 766 
6 176 193 688 751 753 756 
6 47 193 688 755 769 770 
6 51 194 758 759 870 875 
6 51 195 754 757 759 766 
6 194 195 757 758 761 763 
6 15 194 761 762 873 874 
6 194 196 759 760 762 763 
6 15 196 760 761 777 806 
6 195 196 759 761 764 765 
6 52 196 763 765 809 810 
6 52 195 763 764 767 768 
6 193 195 754 758 767 769 
6 195 197 765 766 768 769 
6 52 197 765 767 771 772 
6 193 197 756 766 767 770 
6 47 197 695 756 769 775 
6 52 198 768 772 822 827 
6 197 198 768 771 774 775 
6 14 198 697 774 825 826 
6 178 198 697 772 773 775 
6 178 197 695 770 772 774 
6 15 199 777 778 925 948 
6 15 200 762 776 778 806 
6 199 200 776 777 780 782 
6 53 199 780 781 944 947 
6 199 201 778 779 781 782 
6 53 201 779 780 786 794 
6 200 201 778 780 783 784 
6 54 201 782 784 797 798 
6 54 200 782 783 807 808 
6 53 202 786 787 940 941 
6 53 203 781 785 787 794 
6 202 203 785 786 789 791 
6 9 202 789 790 938 939 
6 202 204 787 788 790 791 
6 9 204 788 789 2279 2280 
6 203 204 787 789 792 793 
6 55 204 791 793 2277 2278 
6 55 203 791 792 795 796 
6 201 203 781 786 795 797 
6 203 205 793 794 796 797 
6 55 205 793 795 799 800 
6 201 205 783 794 795 798 
6 54 205 783 797 804 805 
6 55 206 796 800 2273 2274 
6 205 206 796 799 802 804 
6 16 206 802 803 2258 2272 
6 206 207 800 801 803 804 
6 16 207 801 802 813 814 
6 205 207 798 800 802 805 
6 54 207 798 804 811 812 
6 196 200 762 777 807 809 
6 200 208 784 806 808 809 
6 54 208 784 807 811 818 
6 196 208 764 806 807 810 
6 52 208 764 809 821 822 
6 54 209 805 808 812 818 
6 207 209 805 811 813 815 
6 207 210 803 812 814 815 
6 16 210 803 813 828 829 
6 209 210 812 813 816 817 
6 56 210 815 817 833 834 
6 56 209 815 816 819 820 
6 208 209 808 811 819 821 
6 209 211 817 818 820 821 
6 56 211 817 819 823 824 
6 208 211 810 818 819 822 
6 52 211 771 810 821 827 
6 56 212 820 824 846 849 
6 211 212 820 823 826 827 
6 14 212 724 773 826 848 
6 198 212 773 824 825 827 
6 198 211 771 822 824 826 
6 16 213 814 829 2246 2247 
6 210 213 814 828 831 833 
6 57 213 831 832 2242 2245 
6 213 214 829 830 832 833 
6 57 214 830 831 836 842 
6 210 214 816 829 831 834 
6 56 214 816 833 845 846 
6 57 215 836 837 2238 2239 
6 57 216 832 835 837 842 
6 215 216 835 836 839 840 
6 0 215 734 839 1966 2237 
6 187 215 734 837 838 840 
6 187 216 731 837 839 841 
6 49 216 731 840 843 844 
6 214 216 832 836 843 845 
6 216 217 841 842 844 845 
6 49 217 726 841 843 847 
6 214 217 834 842 843 846 
6 56 217 823 834 845 849 
6 185 217 726 844 848 849 
6 185 212 724 825 847 849 
6 212 217 823 846 847 848 
6 4 218 750 851 1035 1036 
6 192 218 750 850 853 855 
6 58 218 853 854 1033 1034 
6 218 219 851 852 854 855 
6 58 219 852 853 858 866 
6 192 219 752 851 853 856 
6 51 219 752 855 869 870 
6 58 220 858 859 1029 1030 
6 58 221 854 857 859 866 
6 220 221 857 858 861 863 
6 17 220 861 862 1014 1028 
6 220 222 859 860 862 863 
6 17 222 860 861 877 906 
6 221 222 859 861 864 865 
6 59 222 863 865 909 910 
6 59 221 863 864 867 868 
6 219 221 854 858 867 869 
6 221 223 865 866 868 869 
6 59 223 865 867 871 872 
6 219 223 856 866 867 870 
6 51 223 757 856 869 875 
6 59 224 868 872 922 927 
6 223 224 868 871 874 875 
6 15 224 760 874 925 926 
6 194 224 760 872 873 875 
6 194 223 757 870 872 874 
6 17 225 877 878 1002 1003 
6 17 226 862 876 878 906 
6 225 226 876 877 880 882 
6 60 225 880 881 998 1001 
6 225 227 878 879 881 882 
6 60 227 879 880 886 894 
6 226 227 878 880 883 884 
6 61 227 882 884 897 898 
6 61 226 882 883 907 908 
6 60 228 886 887 994 995 
6 60 229 881 885 887 894 
6 228 229 885 886 889 891 
6 5 228 889 890 992 993 
6 228 230 887 888 890 891 
6 5 230 888 889 1522 2394 
6 229 230 887 889 892 893 
6 62 230 891 893 2397 2398 
6 62 229 891 892 895 896 
6 227 229 881 886 895 897 
6 229 231 893 894 896 897 
6 62 231 893 895 899 900 
6 227 231 883 894 895 898 
6 61 231 883 897 904 905 
6 62 232 896 900 2410 2415 
6 231 232 896 899 902 904 
6 18 232 902 903 2413 2414 
6 232 233 900 901 903 904 
6 18 233 901 902 913 914 
6 231 233 898 900 902 905 
6 61 233 898 904 911 912 
6 222 226 862 877 907 909 
6 226 234 884 906 908 909 
6 61 234 884 907 911 918 
6 222 234 864 906 907 910 
6 59 234 864 909 921 922 
6 61 235 905 908 912 918 
6 233 235 905 911 913 915 
6 233 236 903 912 914 915 
6 18 236 903 913 928 929 
6 235 236 912 913 916 917 
6 63 236 915 917 933 934 
6 63 235 915 916 919 920 
6 234 235 908 911 919 921 
6 235 237 917 918 920 921 
6 63 237 917 919 923 924 
6 234 237 910 918 919 922 
6 59 237 871 910 921 927 
6 63 238 920 924 946 949 
6 237 238 920 923 926 927 
6 15 238 776 873 926 948 
6 224 238 873 924 925 927 
6 224 237 871 922 924 926 
6 18 239 914 929 2457 2476 
6 236 239 914 928 931 933 
6 64 239 931 932 2472 2475 
6 239 240 929 930 932 933 
6 64 240 930 931 936 942 
6 236 240 916 929 931 934 
6 63 240 916 933 945 946 
6 64 241 936 937 2468 2469 
6 64 242 932 935 937 942 
6 241 242 935 936 939 940 
6 9 241 788 939 2380 2467 
6 202 241 788 937 938 940 
6 202 242 785 937 939 941 
6 53 242 785 940 943 944 
6 240 242 932 936 943 945 
6 242 243 941 942 944 945 
6 53 243 779 941 943 947 
6 240 243 934 942 943 946 
6 63 243 923 934 945 949 
6 199 243 779 944 948 949 
6 199 238 776 925 947 949 
6 238 243 923 946 947 948 
6 8 244 951 952 1330 1342 
6 8 245 950 952 1088 1089 
6 244 245 950 951 954 956 
6 65 244 954 955 1345 1346 
6 244 246 952 953 955 956 
6 65 246 953 954 960 968 
6 245 246 952 954 957 958 
6 66 246 956 958 971 972 
6 66 245 956 957 1090 1091 
6 65 247 960 961 1358 1363 
6 65 248 955 959 961 968 
6 247 248 959 960 963 965 
6 19 247 963 964 1361 1362 
6 247 249 961 962 964 965 
6 19 249 962 963 981 1006 
6 248 249 961 963 966 967 
6 67 249 965 967 1009 1010 
6 67 248 965 966 969 970 
6 246 248 955 960 969 971 
6 248 250 967 968 970 971 
6 67 250 967 969 973 974 
6 246 250 957 968 969 972 
6 66 250 957 971 978 979 
6 67 251 970 974 1022 1027 
6 250 251 970 973 976 978 
6 20 251 976 977 1025 1026 
6 251 252 974 975 977 978 
6 20 252 975 976 1098 1099 
6 250 252 972 974 976 979 
6 66 252 972 978 1094 1097 
6 19 253 981 982 1409 1432 
6 19 254 964 980 982 1006 
6 253 254 980 981 984 986 
6 68 253 984 985 1428 1431 
6 253 255 982 983 985 986 
6 68 255 983 984 990 996 
6 254 255 982 984 987 988 
6 69 255 986 988 999 1000 
6 69 254 986 987 1007 1008 
6 68 256 990 991 1424 1425 
6 68 257 985 989 991 996 
6 256 257 989 990 993 994 
6 5 256 888 993 1422 1423 
6 228 256 888 991 992 994 
6 228 257 885 991 993 995 
6 60 257 885 994 997 998 
6 255 257 985 990 997 999 
6 257 258 995 996 998 999 
6 60 258 879 995 997 1001 
6 255 258 987 996 997 1000 
6 69 258 987 999 1004 1005 
6 225 258 879 998 1002 1004 
6 225 259 876 1001 1003 1004 
6 17 259 876 1002 1013 1014 
6 258 259 1000 1001 1002 1005 
6 69 259 1000 1004 1011 1012 
6 249 254 964 981 1007 1009 
6 254 260 988 1006 1008 1009 
6 69 260 988 1007 1011 1018 
6 249 260 966 1006 1007 1010 
6 67 260 966 1009 1021 1022 
6 69 261 1005 1008 1012 1018 
6 259 261 1005 1011 1013 1015 
6 259 262 1003 1012 1014 1015 
6 17 262 860 1003 1013 1028 
6 261 262 1012 1013 1016 1017 
6 70 262 1015 1017 1031 1032 
6 70 261 1015 1016 1019 1020 
6 260 261 1008 1011 1019 1021 
6 261 263 1017 1018 1020 1021 
6 70 263 1017 1019 1023 1024 
6 260 263 1010 1018 1019 1022 
6 67 263 973 1010 1021 1027 
6 70 264 1020 1024 1044 1049 
6 263 264 1020 1023 1026 1027 
6 20 264 975 1026 1047 1048 
6 251 264 975 1024 1025 1027 
6 251 263 973 1022 1024 1026 
6 220 262 860 1014 1029 1031 
6 220 265 857 1028 1030 1031 
6 58 265 857 1029 1033 1040 
6 262 265 1016 1028 1029 1032 
6 70 265 1016 1031 1043 1044 
6 58 266 852 1030 1034 1040 
6 218 266 852 1033 1035 1037 
6 218 267 850 1034 1036 1037 
6 4 267 684 850 1035 1131 
6 266 267 1034 1035 1038 1039 
6 71 267 1037 1039 1129 1130 
6 71 266 1037 1038 1041 1042 
6 265 266 1030 1033 1041 1043 
6 266 268 1039 1040 1042 1043 
6 71 268 1039 1041 1045 1046 
6 265 268 1032 1040 1041 1044 
6 70 268 1023 1032 1043 1049 
6 71 269 1042 1046 1125 1126 
6 268 269 1042 1045 1048 1049 
6 20 269 1025 1048 1110 1124 
6 264 269 1025 1046 1047 1049 
6 264 268 1023 1044 1046 1048 
6 1 270 642 1051 1142 1143 
6 162 270 642 1050 1053 1055 
6 72 270 1053 1054 1147 1148 
6 270 271 1051 1052 1054 1055 
6 72 271 1052 1053 1058 1066 
6 162 271 645 1051 1053 1056 
6 42 271 645 1055 1069 1070 
6 72 272 1058 1059 1162 1167 
6 72 273 1054 1057 1059 1066 
6 272 273 1057 1058 1061 1063 
6 21 272 1061 1062 1165 1166 
6 272 274 1059 1060 1062 1063 
6 21 274 1060 1061 1077 1102 
6 273 274 1059 1061 1064 1065 
6 73 274 1063 1065 1105 1106 
6 73 273 1063 1064 1067 1068 
6 271 273 1054 1058 1067 1069 
6 273 275 1065 1066 1068 1069 
6 73 275 1065 1067 1071 1072 
6 271 275 1056 1066 1067 1070 
6 42 275 651 1056 1069 1075 
6 73 276 1068 1072 1118 1123 
6 275 276 1068 1071 1074 1075 
6 12 276 654 1074 1121 1122 
6 165 276 654 1072 1073 1075 
6 165 275 651 1070 1072 1074 
6 21 277 1077 1078 1217 1240 
6 21 278 1062 1076 1078 1102 
6 277 278 1076 1077 1080 1082 
6 74 277 1080 1081 1236 1239 
6 277 279 1078 1079 1081 1082 
6 74 279 1079 1080 1086 1092 
6 278 279 1078 1080 1083 1084 
6 75 279 1082 1084 1095 1096 
6 75 278 1082 1083 1103 1104 
6 74 280 1086 1087 1232 1233 
6 74 281 1081 1085 1087 1092 
6 280 281 1085 1086 1089 1090 
6 8 280 951 1089 1230 1231 
6 245 280 951 1087 1088 1090 
6 245 281 958 1087 1089 1091 
6 66 281 958 1090 1093 1094 
6 279 281 1081 1086 1093 1095 
6 281 282 1091 1092 1094 1095 
6 66 282 979 1091 1093 1097 
6 279 282 1083 1092 1093 1096 
6 75 282 1083 1095 1100 1101 
6 252 282 979 1094 1098 1100 
6 252 283 977 1097 1099 1100 
6 20 283 977 1098 1109 1110 
6 282 283 1096 1097 1098 1101 
6 75 283 1096 1100 1107 1108 
6 274 278 1062 1077 1103 1105 
6 278 284 1084 1102 1104 1105 
6 75 284 1084 1103 1107 1114 
6 274 284 1064 1102 1103 1106 
6 73 284 1064 1105 1117 1118 
6 75 285 1101 1104 1108 1114 
6 283 285 1101 1107 1109 1111 
6 283 286 1099 1108 1110 1111 
6 20 286 1047 1099 1109 1124 
6 285 286 1108 1109 1112 1113 
6 76 286 1111 1113 1127 1128 
6 76 285 1111 1112 1115 1116 
6 284 285 1104 1107 1115 1117 
6 285 287 1113 1114 1116 1117 
6 76 287 1113 1115 1119 1120 
6 284 287 1106 1114 1115 1118 
6 73 287 1071 1106 1117 1123 
6 76 288 1116 1120 1138 1141 
6 287 288 1116 1119 1122 1123 
6 12 288 672 1073 1122 1140 
6 276 288 1073 1120 1121 1123 
6 276 287 1071 1118 1120 1122 
6 269 286 1047 1110 1125 1127 
6 269 289 1045 1124 1126 1127 
6 71 289 1045 1125 1129 1134 
6 286 289 1112 1124 1125 1128 
6 76 289 1112 1127 1137 1138 
6 71 290 1038 1126 1130 1134 
6 267 290 1038 1129 1131 1132 
6 174 267 684 1036 1130 1132 
6 174 290 681 1130 1131 1133 
6 45 290 681 1132 1135 1136 
6 289 290 1126 1129 1135 1137 
6 290 291 1133 1134 1136 1137 
6 45 291 675 1133 1135 1139 
6 289 291 1128 1134 1135 1138 
6 76 291 1119 1128 1137 1141 
6 171 291 675 1136 1140 1141 
6 171 288 672 1121 1139 1141 
6 288 291 1119 1138 1139 1140 
6 1 292 1050 1143 2064 2149 
6 270 292 1050 1142 1145 1147 
6 77 292 1145 1146 2147 2148 
6 292 293 1143 1144 1146 1147 
6 77 293 1144 1145 1150 1158 
6 270 293 1052 1143 1145 1148 
6 72 293 1052 1147 1161 1162 
6 77 294 1150 1151 2142 2143 
6 77 295 1146 1149 1151 1158 
6 294 295 1149 1150 1153 1155 
6 22 294 1153 1154 2140 2141 
6 294 296 1151 1152 1154 1155 
6 22 296 1152 1153 1169 1198 
6 295 296 1151 1153 1156 1157 
6 78 296 1155 1157 1201 1202 
6 78 295 1155 1156 1159 1160 
6 293 295 1146 1150 1159 1161 
6 295 297 1157 1158 1160 1161 
6 78 297 1157 1159 1163 1164 
6 293 297 1148 1158 1159 1162 
6 72 297 1057 1148 1161 1167 
6 78 298 1160 1164 1214 1219 
6 297 298 1160 1163 1166 1167 
6 21 298 1060 1166 1217 1218 
6 272 298 1060 1164 1165 1167 
6 272 297 1057 1162 1164 1166 
6 22 299 1169 1170 2125 2126 
6 22 300 1154 1168 1170 1198 
6 299 300 1168 1169 1172 1174 
6 79 299 1172 1173 2123 2124 
6 299 301 1170 1171 1173 1174 
6 79 301 1171 1172 1178 1186 
6 300 301 1170 1172 1175 1176 
6 80 301 1174 1176 1189 1190 
6 80 300 1174 1175 1199 1200 
6 79 302 1178 1179 2119 2120 
6 79 303 1173 1177 1179 1186 
6 302 303 1177 1178 1181 1183 
6 10 302 1181 1182 1726 2118 
6 302 304 1179 1180 1182 1183 
6 10 304 1180 1181 1242 1243 
6 303 304 1179 1181 1184 1185 
6 81 304 1183 1185 1247 1248 
6 81 303 1183 1184 1187 1188 
6 301 303 1173 1178 1187 1189 
6 303 305 1185 1186 1188 1189 
6 81 305 1185 1187 1191 1192 
6 301 305 1175 1186 1187 1190 
6 80 305 1175 1189 1196 1197 
6 81 306 1188 1192 1262 1267 
6 305 306 1188 1191 1194 1196 
6 23 306 1194 1195 1265 1266 
6 306 307 1192 1193 1195 1196 
6 23 307 1193 1194 1205 1206 
6 305 307 1190 1192 1194 1197 
6 80 307 1190 1196 1203 1204 
6 296 300 1154 1169 1199 1201 
6 300 308 1176 1198 1200 1201 
6 80 308 1176 1199 1203 1210 
6 296 308 1156 1198 1199 1202 
6 78 308 1156 1201 1213 1214 
6 80 309 1197 1200 1204 1210 
6 307 309 1197 1203 1205 1207 
6 307 310 1195 1204 1206 1207 
6 23 310 1195 1205 1220 1221 
6 309 310 1204 1205 1208 1209 
6 82 310 1207 1209 1225 1226 
6 82 309 1207 1208 1211 1212 
6 308 309 1200 1203 1211 1213 
6 309 311 1209 1210 1212 1213 
6 82 311 1209 1211 1215 1216 
6 308 311 1202 1210 1211 1214 
6 78 311 1163 1202 1213 1219 
6 82 312 1212 1216 1238 1241 
6 311 312 1212 1215 1218 1219 
6 21 312 1076 1165 1218 1240 
6 298 312 1165 1216 1217 1219 
6 298 311 1163 1214 1216 1218 
6 23 313 1206 1221 1317 1340 
6 310 313 1206 1220 1223 1225 
6 83 313 1223 1224 1336 1339 
6 313 314 1221 1222 1224 1225 
6 83 314 1222 1223 1228 1234 
6 310 314 1208 1221 1223 1226 
6 82 314 1208 1225 1237 1238 
6 83 315 1228 1229 1332 1333 
6 83 316 1224 1227 1229 1234 
6 315 316 1227 1228 1231 1232 
6 8 315 1088 1231 1330 1331 
6 280 315 1088 1229 1230 1232 
6 280 316 1085 1229 1231 1233 
6 74 316 1085 1232 1235 1236 
6 314 316 1224 1228 1235 1237 
6 316 317 1233 1234 1236 1237 
6 74 317 1079 1233 1235 1239 
6 314 317 1226 1234 1235 1238 
6 82 317 1215 1226 1237 1241 
6 277 317 1079 1236 1240 1241 
6 277 312 1076 1217 1239 1241 
6 312 317 1215 1238 1239 1240 
6 10 318 1182 1243 1665 1666 
6 304 318 1182 1242 1245 1247 
6 84 318 1245 1246 1663 1664 
6 318 319 1243 1244 1246 1247 
6 84 319 1244 1245 1250 1258 
6 304 319 1184 1243 1245 1248 
6 81 319 1184 1247 1261 1262 
6 84 320 1250 1251 1658 1659 
6 84 321 1246 1249 1251 1258 
6 320 321 1249 1250 1253 1255 
6 24 320 1253 1254 1656 1657 
6 320 322 1251 1252 1254 1255 
6 24 322 1252 1253 1269 1298 
6 321 322 1251 1253 1256 1257 
6 85 322 1255 1257 1301 1302 
6 85 321 1255 1256 1259 1260 
6 319 321 1246 1250 1259 1261 
6 321 323 1257 1258 1260 1261 
6 85 323 1257 1259 1263 1264 
6 319 323 1248 1258 1259 1262 
6 81 323 1191 1248 1261 1267 
6 85 324 1260 1264 1314 1319 
6 323 324 1260 1263 1266 1267 
6 23 324 1193 1266 1317 1318 
6 306 324 1193 1264 1265 1267 
6 306 323 1191 1262 1264 1266 
6 24 325 1269 1270 1641 1642 
6 24 326 1254 1268 1270 1298 
6 325 326 1268 1269 1272 1274 
6 86 325 1272 1273 1639 1640 
6 325 327 1270 1271 1273 1274 
6 86 327 1271 1272 1278 1286 
6 326 327 1270 1272 1275 1276 
6 87 327 1274 1276 1289 1290 
6 87 326 1274 1275 1299 1300 
6 86 328 1278 1279 1635 1636 
6 86 329 1273 1277 1279 1286 
6 328 329 1277 1278 1281 1283 
6 3 328 1281 1282 1534 1634 
6 328 330 1279 1280 1282 1283 
6 3 330 1280 1281 1373 1374 
6 329 330 1279 1281 1284 1285 
6 88 330 1283 1285 1371 1372 
6 88 329 1283 1284 1287 1288 
6 327 329 1273 1278 1287 1289 
6 329 331 1285 1286 1288 1289 
6 88 331 1285 1287 1291 1292 
6 327 331 1275 1286 1287 1290 
6 87 331 1275 1289 1296 1297 
6 88 332 1288 1292 1366 1367 
6 331 332 1288 1291 1294 1296 
6 25 332 1294 1295 1364 1365 
6 332 333 1292 1293 1295 1296 
6 25 333 1293 1294 1305 1306 
6 331 333 1290 1292 1294 1297 
6 87 333 1290 1296 1303 1304 
6 322 326 1254 1269 1299 1301 
6 326 334 1276 1298 1300 1301 
6 87 334 1276 1299 1303 1310 
6 322 334 1256 1298 1299 1302 
6 85 334 1256 1301 1313 1314 
6 87 335 1297 1300 1304 1310 
6 333 335 1297 1303 1305 1307 
6 333 336 1295 1304 1306 1307 
6 25 336 1295 1305 1320 1321 
6 335 336 1304 1305 1308 1309 
6 89 336 1307 1309 1325 1326 
6 89 335 1307 1308 1311 1312 
6 334 335 1300 1303 1311 1313 
6 335 337 1309 1310 1312 1313 
6 89 337 1309 1311 1315 1316 
6 334 337 1302 1310 1311 1314 
6 85 337 1263 1302 1313 1319 
6 89 338 1312 1316 1338 1341 
6 337 338 1312 1315 1318 1319 
6 23 338 1220 1265 1318 1340 
6 324 338 1265 1316 1317 1319 
6 324 337 1263 1314 1316 1318 
6 25 339 1306 1321 1349 1350 
6 336 339 1306 1320 1323 1325 
6 90 339 1323 1324 1347 1348 
6 339 340 1321 1322 1324 1325 
6 90 340 1322 1323 1328 1334 
6 336 340 1308 1321 1323 1326 
6 89 340 1308 1325 1337 1338 
6 90 341 1328 1329 1343 1344 
6 90 342 1324 1327 1329 1334 
6 341 342 1327 1328 1331 1332 
6 8 341 950 1230 1331 1342 
6 315 341 1230 1329 1330 1332 
6 315 342 1227 1329 1331 1333 
6 83 342 1227 1332 1335 1336 
6 340 342 1324 1328 1335 1337 
6 342 343 1333 1334 1336 1337 
6 83 343 1222 1333 1335 1339 
6 340 343 1326 1334 1335 1338 
6 89 343 1315 1326 1337 1341 
6 313 343 1222 1336 1340 1341 
6 313 338 1220 1317 1339 1341 
6 338 343 1315 1338 1339 1340 
6 244 341 950 1330 1343 1345 
6 341 344 1327 1342 1344 1345 
6 90 344 1327 1343 1347 1354 
6 244 344 953 1342 1343 1346 
6 65 344 953 1345 1357 1358 
6 90 345 1322 1344 1348 1354 
6 339 345 1322 1347 1349 1351 
6 339 346 1320 1348 1350 1351 
6 25 346 1320 1349 1364 1390 
6 345 346 1348 1349 1352 1353 
6 91 346 1351 1353 1393 1394 
6 91 345 1351 1352 1355 1356 
6 344 345 1344 1347 1355 1357 
6 345 347 1353 1354 1356 1357 
6 91 347 1353 1355 1359 1360 
6 344 347 1346 1354 1355 1358 
6 65 347 959 1346 1357 1363 
6 91 348 1356 1360 1406 1411 
6 347 348 1356 1359 1362 1363 
6 19 348 962 1362 1409 1410 
6 247 348 962 1360 1361 1363 
6 247 347 959 1358 1360 1362 
6 25 349 1293 1350 1365 1390 
6 332 349 1293 1364 1366 1368 
6 332 350 1291 1365 1367 1368 
6 88 350 1291 1366 1371 1378 
6 349 350 1365 1366 1369 1370 
6 92 350 1368 1370 1381 1382 
6 92 349 1368 1369 1391 1392 
6 88 351 1284 1367 1372 1378 
6 330 351 1284 1371 1373 1375 
6 330 352 1282 1372 1374 1375 
6 3 352 1282 1373 1434 1435 
6 351 352 1372 1373 1376 1377 
6 93 352 1375 1377 1439 1440 
6 93 351 1375 1376 1379 1380 
6 350 351 1367 1371 1379 1381 
6 351 353 1377 1378 1380 1381 
6 93 353 1377 1379 1383 1384 
6 350 353 1369 1378 1379 1382 
6 92 353 1369 1381 1388 1389 
6 93 354 1380 1384 1454 1459 
6 353 354 1380 1383 1386 1388 
6 26 354 1386 1387 1457 1458 
6 354 355 1384 1385 1387 1388 
6 26 355 1385 1386 1397 1398 
6 353 355 1382 1384 1386 1389 
6 92 355 1382 1388 1395 1396 
6 346 349 1350 1364 1391 1393 
6 349 356 1370 1390 1392 1393 
6 92 356 1370 1391 1395 1402 
6 346 356 1352 1390 1391 1394 
6 91 356 1352 1393 1405 1406 
6 92 357 1389 1392 1396 1402 
6 355 357 1389 1395 1397 1399 
6 355 358 1387 1396 1398 1399 
6 26 358 1387 1397 1412 1413 
6 357 358 1396 1397 1400 1401 
6 94 358 1399 1401 1417 1418 
6 94 357 1399 1400 1403 1404 
6 356 357 1392 1395 1403 1405 
6 357 359 1401 1402 1404 1405 
6 94 359 1401 1403 1407 1408 
6 356 359 1394 1402 1403 1406 
6 91 359 1359 1394 1405 1411 
6 94 360 1404 1408 1430 1433 
6 359 360 1404 1407 1410 1411 
6 19 360 980 1361 1410 1432 
6 348 360 1361 1408 1409 1411 
6 348 359 1359 1406 1408 1410 
6 26 361 1398 1413 1509 1532 
6 358 361 1398 1412 1415 1417 
6 95 361 1415 1416 1528 1531 
6 361 362 1413 1414 1416 1417 
6 95 362 1414 1415 1420 1426 
6 358 362 1400 1413 1415 1418 
6 94 362 1400 1417 1429 1430 
6 95 363 1420 1421 1524 1525 
6 95 364 1416 1419 1421 1426 
6 363 364 1419 1420 1423 1424 
6 5 363 992 1423 1522 1523 
6 256 363 992 1421 1422 1424 
6 256 364 989 1421 1423 1425 
6 68 364 989 1424 1427 1428 
6 362 364 1416 1420 1427 1429 
6 364 365 1425 1426 1428 1429 
6 68 365 983 1425 1427 1431 
6 362 365 1418 1426 1427 1430 
6 94 365 1407 1418 1429 1433 
6 253 365 983 1428 1432 1433 
6 253 360 980 1409 1431 1433 
6 360 365 1407 1430 1431 1432 
6 3 366 1374 1435 1534 1535 
6 352 366 1374 1434 1437 1439 
6 96 366 1437 1438 1539 1540 
6 366 367 1435 1436 1438 1439 
6 96 367 1436 1437 1442 1450 
6 352 367 1376 1435 1437 1440 
6 93 367 1376 1439 1453 1454 
6 96 368 1442 1443 1554 1559 
6 96 369 1438 1441 1443 1450 
6 368 369 1441 1442 1445 1447 
6 27 368 1445 1446 1557 1558 
6 368 370 1443 1444 1446 1447 
6 27 370 1444 1445 1461 1490 
6 369 370 1443 1445 1448 1449 
6 97 370 1447 1449 1493 1494 
6 97 369 1447 1448 1451 1452 
6 367 369 1438 1442 1451 1453 
6 369 371 1449 1450 1452 1453 
6 97 371 1449 1451 1455 1456 
6 367 371 1440 1450 1451 1454 
6 93 371 1383 1440 1453 1459 
6 97 372 1452 1456 1506 1511 
6 371 372 1452 1455 1458 1459 
6 26 372 1385 1458 1509 1510 
6 354 372 1385 1456 1457 1459 
6 354 371 1383 1454 1456 1458 
6 27 373 1461 1462 1609 1632 
6 27 374 1446 1460 1462 1490 
6 373 374 1460 1461 1464 1466 
6 98 373 1464 1465 1628 1631 
6 373 375 1462 1463 1465 1466 
6 98 375 1463 1464 1470 1478 
6 374 375 1462 1464 1467 1468 
6 99 375 1466 1468 1481 1482 
6 99 374 1466 1467 1491 1492 
6 98 376 1470 1471 1624 1625 
6 98 377 1465 1469 1471 1478 
6 376 377 1469 1470 1473 1475 
6 2 376 1473 1474 1622 1623 
6 376 378 1471 1472 1474 1475 
6 2 378 1472 1473 2295 2425 
6 377 378 1471 1473 1476 1477 
6 100 378 1475 1477 2423 2424 
6 100 377 1475 1476 1479 1480 
6 375 377 1465 1470 1479 1481 
6 377 379 1477 1478 1480 1481 
6 100 379 1477 1479 1483 1484 
6 375 379 1467 1478 1479 1482 
6 99 379 1467 1481 1488 1489 
6 100 380 1480 1484 2418 2419 
6 379 380 1480 1483 1486 1488 
6 28 380 1486 1487 2416 2417 
6 380 381 1484 1485 1487 1488 
6 28 381 1485 1486 1497 1498 
6 379 381 1482 1484 1486 1489 
6 99 381 1482 1488 1495 1496 
6 370 374 1446 1461 1491 1493 
6 374 382 1468 1490 1492 1493 
6 99 382 1468 1491 1495 1502 
6 370 382 1448 1490 1491 1494 
6 97 382 1448 1493 1505 1506 
6 99 383 1489 1492 1496 1502 
6 381 383 1489 1495 1497 1499 
6 381 384 1487 1496 1498 1499 
6 28 384 1487 1497 1512 1513 
6 383 384 1496 1497 1500 1501 
6 101 384 1499 1501 1517 1518 
6 101 383 1499 1500 1503 1504 
6 382 383 1492 1495 1503 1505 
6 383 385 1501 1502 1504 1505 
6 101 385 1501 1503 1507 1508 
6 382 385 1494 1502 1503 1506 
6 97 385 1455 1494 1505 1511 
6 101 386 1504 1508 1530 1533 
6 385 386 1504 1507 1510 1511 
6 26 386 1412 1457 1510 1532 
6 372 386 1457 1508 1509 1511 
6 372 385 1455 1506 1508 1510 
6 28 387 1498 1513 2401 2402 
6 384 387 1498 1512 1515 1517 
6 102 387 1515 1516 2399 2400 
6 387 388 1513 1514 1516 1517 
6 102 388 1514 1515 1520 1526 
6 384 388 1500 1513 1515 1518 
6 101 388 1500 1517 1529 1530 
6 102 389 1520 1521 2395 2396 
6 102 390 1516 1519 1521 1526 
6 389 390 1519 1520 1523 1524 
6 5 389 890 1422 1523 2394 
6 363 389 1422 1521 1522 1524 
6 363 390 1419 1521 1523 1525 
6 95 390 1419 1524 1527 1528 
6 388 390 1516 1520 1527 1529 
6 390 391 1525 1526 1528 1529 
6 95 391 1414 1525 1527 1531 
6 388 391 1518 1526 1527 1530 
6 101 391 1507 1518 1529 1533 
6 361 391 1414 1528 1532 1533 
6 361 386 1412 1509 1531 1533 
6 386 391 1507 1530 1531 1532 
6 3 392 1280 1434 1535 1634 
6 366 392 1434 1534 1537 1539 
6 103 392 1537 1538 1637 1638 
6 392 393 1535 1536 1538 1539 
6 103 393 1536 1537 1542 1550 
6 366 393 1436 1535 1537 1540 
6 96 393 1436 1539 1553 1554 
6 103 394 1542 1543 1650 1655 
6 103 395 1538 1541 1543 1550 
6 394 395 1541 1542 1545 1547 
6 29 394 1545 1546 1653 1654 
6 394 396 1543 1544 1546 1547 
6 29 396 1544 1545 1561 1590 
6 395 396 1543 1545 1548 1549 
6 104 396 1547 1549 1593 1594 
6 104 395 1547 1548 1551 1552 
6 393 395 1538 1542 1551 1553 
6 395 397 1549 1550 1552 1553 
6 104 397 1549 1551 1555 1556 
6 393 397 1540 1550 1551 1554 
6 96 397 1441 1540 1553 1559 
6 104 398 1552 1556 1606 1611 
6 397 398 1552 1555 1558 1559 
6 27 398 1444 1558 1609 1610 
6 368 398 1444 1556 1557 1559 
6 368 397 1441 1554 1556 1558 
6 29 399 1561 1562 1701 1724 
6 29 400 1546 1560 1562 1590 
6 399 400 1560 1561 1564 1566 
6 105 399 1564 1565 1720 1723 
6 399 401 1562 1563 1565 1566 
6 105 401 1563 1564 1570 1578 
6 400 401 1562 1564 1567 1568 
6 106 401 1566 1568 1581 1582 
6 106 400 1566 1567 1591 1592 
6 105 402 1570 1571 1716 1717 
6 105 403 1565 1569 1571 1578 
6 402 403 1569 1570 1573 1575 
6 7 402 1573 1574 1714 1715 
6 402 404 1571 1572 1574 1575 
6 7 404 1572 1573 1914 2551 
6 403 404 1571 1573 1576 1577 
6 107 404 1575 1577 2549 2550 
6 107 403 1575 1576 1579 1580 
6 401 403 1565 1570 1579 1581 
6 403 405 1577 1578 1580 1581 
6 107 405 1577 1579 1583 1584 
6 401 405 1567 1578 1579 1582 
6 106 405 1567 1581 1588 1589 
6 107 406 1580 1584 2545 2546 
6 405 406 1580 1583 1586 1588 
6 30 406 1586 1587 2530 2544 
6 406 407 1584 1585 1587 1588 
6 30 407 1585 1586 1597 1598 
6 405 407 1582 1584 1586 1589 
6 106 407 1582 1588 1595 1596 
6 396 400 1546 1561 1591 1593 
6 400 408 1568 1590 1592 1593 
6 106 408 1568 1591 1595 1602 
6 396 408 1548 1590 1591 1594 
6 104 408 1548 1593 1605 1606 
6 106 409 1589 1592 1596 1602 
6 407 409 1589 1595 1597 1599 
6 407 410 1587 1596 1598 1599 
6 30 410 1587 1597 1612 1613 
6 409 410 1596 1597 1600 1601 
6 108 410 1599 1601 1617 1618 
6 108 409 1599 1600 1603 1604 
6 408 409 1592 1595 1603 1605 
6 409 411 1601 1602 1604 1605 
6 108 411 1601 1603 1607 1608 
6 408 411 1594 1602 1603 1606 
6 104 411 1555 1594 1605 1611 
6 108 412 1604 1608 1630 1633 
6 411 412 1604 1607 1610 1611 
6 27 412 1460 1557 1610 1632 
6 398 412 1557 1608 1609 1611 
6 398 411 1555 1606 1608 1610 
6 30 413 1598 1613 2518 2519 
6 410 413 1598 1612 1615 1617 
6 109 413 1615 1616 2514 2517 
6 413 414 1613 1614 1616 1617 
6 109 414 1614 1615 1620 1626 
6 410 414 1600 1613 1615 1618 
6 108 414 1600 1617 1629 1630 
6 109 415 1620 1621 2510 2511 
6 109 416 1616 1619 1621 1626 
6 415 416 1619 1620 1623 1624 
6 2 415 1472 1623 2294 2509 
6 376 415 1472 1621 1622 1624 
6 376 416 1469 1621 1623 1625 
6 98 416 1469 1624 1627 1628 
6 414 416 1616 1620 1627 1629 
6 416 417 1625 1626 1628 1629 
6 98 417 1463 1625 1627 1631 
6 414 417 1618 1626 1627 1630 
6 108 417 1607 1618 1629 1633 
6 373 417 1463 1628 1632 1633 
6 373 412 1460 1609 1631 1633 
6 412 417 1607 1630 1631 1632 
6 328 392 1280 1534 1635 1637 
6 328 418 1277 1634 1636 1637 
6 86 418 1277 1635 1639 1646 
6 392 418 1536 1634 1635 1638 
6 103 418 1536 1637 1649 1650 
6 86 419 1271 1636 1640 1646 
6 325 419 1271 1639 1641 1643 
6 325 420 1268 1640 1642 1643 
6 24 420 1268 1641 1656 1682 
6 419 420 1640 1641 1644 1645 
6 110 420 1643 1645 1685 1686 
6 110 419 1643 1644 1647 1648 
6 418 419 1636 1639 1647 1649 
6 419 421 1645 1646 1648 1649 
6 110 421 1645 1647 1651 1652 
6 418 421 1638 1646 1647 1650 
6 103 421 1541 1638 1649 1655 
6 110 422 1648 1652 1698 1703 
6 421 422 1648 1651 1654 1655 
6 29 422 1544 1654 1701 1702 
6 394 422 1544 1652 1653 1655 
6 394 421 1541 1650 1652 1654 
6 24 423 1252 1642 1657 1682 
6 320 423 1252 1656 1658 1660 
6 320 424 1249 1657 1659 1660 
6 84 424 1249 1658 1663 1670 
6 423 424 1657 1658 1661 1662 
6 111 424 1660 1662 1673 1674 
6 111 423 1660 1661 1683 1684 
6 84 425 1244 1659 1664 1670 
6 318 425 1244 1663 1665 1667 
6 318 426 1242 1664 1666 1667 
6 10 426 1242 1665 1726 1727 
6 425 426 1664 1665 1668 1669 
6 112 426 1667 1669 1731 1732 
6 112 425 1667 1668 1671 1672 
6 424 425 1659 1663 1671 1673 
6 425 427 1669 1670 1672 1673 
6 112 427 1669 1671 1675 1676 
6 424 427 1661 1670 1671 1674 
6 111 427 1661 1673 1680 1681 
6 112 428 1672 1676 1746 1751 
6 427 428 1672 1675 1678 1680 
6 31 428 1678 1679 1749 1750 
6 428 429 1676 1677 1679 1680 
6 31 429 1677 1678 1689 1690 
6 427 429 1674 1676 1678 1681 
6 111 429 1674 1680 1687 1688 
6 420 423 1642 1656 1683 1685 
6 423 430 1662 1682 1684 1685 
6 111 430 1662 1683 1687 1694 
6 420 430 1644 1682 1683 1686 
6 110 430 1644 1685 1697 1698 
6 111 431 1681 1684 1688 1694 
6 429 431 1681 1687 1689 1691 
6 429 432 1679 1688 1690 1691 
6 31 432 1679 1689 1704 1705 
6 431 432 1688 1689 1692 1693 
6 113 432 1691 1693 1709 1710 
6 113 431 1691 1692 1695 1696 
6 430 431 1684 1687 1695 1697 
6 431 433 1693 1694 1696 1697 
6 113 433 1693 1695 1699 1700 
6 430 433 1686 1694 1695 1698 
6 110 433 1651 1686 1697 1703 
6 113 434 1696 1700 1722 1725 
6 433 434 1696 1699 1702 1703 
6 29 434 1560 1653 1702 1724 
6 422 434 1653 1700 1701 1703 
6 422 433 1651 1698 1700 1702 
6 31 435 1690 1705 1801 1824 
6 432 435 1690 1704 1707 1709 
6 114 435 1707 1708 1820 1823 
6 435 436 1705 1706 1708 1709 
6 114 436 1706 1707 1712 1718 
6 432 436 1692 1705 1707 1710 
6 113 436 1692 1709 1721 1722 
6 114 437 1712 1713 1816 1817 
6 114 438 1708 1711 1713 1718 
6 437 438 1711 1712 1715 1716 
6 7 437 1572 1715 1814 1815 
6 402 437 1572 1713 1714 1716 
6 402 438 1569 1713 1715 1717 
6 105 438 1569 1716 1719 1720 
6 436 438 1708 1712 1719 1721 
6 438 439 1717 1718 1720 1721 
6 105 439 1563 1717 1719 1723 
6 436 439 1710 1718 1719 1722 
6 113 439 1699 1710 1721 1725 
6 399 439 1563 1720 1724 1725 
6 399 434 1560 1701 1723 1725 
6 434 439 1699 1722 1723 1724 
6 10 440 1180 1666 1727 2118 
6 426 440 1666 1726 1729 1731 
6 115 440 1729 1730 2121 2122 
6 440 441 1727 1728 1730 1731 
6 115 441 1728 1729 1734 1742 
6 426 441 1668 1727 1729 1732 
6 112 441 1668 1731 1745 1746 
6 115 442 1734 1735 2134 2139 
6 115 443 1730 1733 1735 1742 
6 442 443 1733 1734 1737 1739 
6 32 442 1737 1738 2137 2138 
6 442 444 1735 1736 1738 1739 
6 32 444 1736 1737 1753 1782 
6 443 444 1735 1737 1740 1741 
6 116 444 1739 1741 1785 1786 
6 116 443 1739 1740 1743 1744 
6 441 443 1730 1734 1743 1745 
6 443 445 1741 1742 1744 1745 
6 116 445 1741 1743 1747 1748 
6 441 445 1732 1742 1743 1746 
6 112 445 1675 1732 1745 1751 
6 116 446 1744 1748 1798 1803 
6 445 446 1744 1747 1750 1751 
6 31 446 1677 1750 1801 1802 
6 428 446 1677 1748 1749 1751 
6 428 445 1675 1746 1748 1750 
6 32 447 1753 1754 2181 2200 
6 32 448 1738 1752 1754 1782 
6 447 448 1752 1753 1756 1758 
6 117 447 1756 1757 2196 2199 
6 447 449 1754 1755 1757 1758 
6 117 449 1755 1756 1762 1770 
6 448 449 1754 1756 1759 1760 
6 118 449 1758 1760 1773 1774 
6 118 448 1758 1759 1783 1784 
6 117 450 1762 1763 2192 2193 
6 117 451 1757 1761 1763 1770 
6 450 451 1761 1762 1765 1767 
6 6 450 1765 1766 2026 2191 
6 450 452 1763 1764 1766 1767 
6 6 452 1764 1765 1826 1827 
6 451 452 1763 1765 1768 1769 
6 119 452 1767 1769 1831 1832 
6 119 451 1767 1768 1771 1772 
6 449 451 1757 1762 1771 1773 
6 451 453 1769 1770 1772 1773 
6 119 453 1769 1771 1775 1776 
6 449 453 1759 1770 1771 1774 
6 118 453 1759 1773 1780 1781 
6 119 454 1772 1776 1846 1851 
6 453 454 1772 1775 1778 1780 
6 33 454 1778 1779 1849 1850 
6 454 455 1776 1777 1779 1780 
6 33 455 1777 1778 1789 1790 
6 453 455 1774 1776 1778 1781 
6 118 455 1774 1780 1787 1788 
6 444 448 1738 1753 1783 1785 
6 448 456 1760 1782 1784 1785 
6 118 456 1760 1783 1787 1794 
6 444 456 1740 1782 1783 1786 
6 116 456 1740 1785 1797 1798 
6 118 457 1781 1784 1788 1794 
6 455 457 1781 1787 1789 1791 
6 455 458 1779 1788 1790 1791 
6 33 458 1779 1789 1804 1805 
6 457 458 1788 1789 1792 1793 
6 120 458 1791 1793 1809 1810 
6 120 457 1791 1792 1795 1796 
6 456 457 1784 1787 1795 1797 
6 457 459 1793 1794 1796 1797 
6 120 459 1793 1795 1799 1800 
6 456 459 1786 1794 1795 1798 
6 116 459 1747 1786 1797 1803 
6 120 460 1796 1800 1822 1825 
6 459 460 1796 1799 1802 1803 
6 31 460 1704 1749 1802 1824 
6 446 460 1749 1800 1801 1803 
6 446 459 1747 1798 1800 1802 
6 33 461 1790 1805 1901 1924 
6 458 461 1790 1804 1807 1809 
6 121 461 1807 1808 1920 1923 
6 461 462 1805 1806 1808 1809 
6 121 462 1806 1807 1812 1818 
6 458 462 1792 1805 1807 1810 
6 120 462 1792 1809 1821 1822 
6 121 463 1812 1813 1916 1917 
6 121 464 1808 1811 1813 1818 
6 463 464 1811 1812 1815 1816 
6 7 463 1714 1815 1914 1915 
6 437 463 1714 1813 1814 1816 
6 437 464 1711 1813 1815 1817 
6 114 464 1711 1816 1819 1820 
6 462 464 1808 1812 1819 1821 
6 464 465 1817 1818 1820 1821 
6 114 465 1706 1817 1819 1823 
6 462 465 1810 1818 1819 1822 
6 120 465 1799 1810 1821 1825 
6 435 465 1706 1820 1824 1825 
6 435 460 1704 1801 1823 1825 
6 460 465 1799 1822 1823 1824 
6 6 466 1766 1827 1926 1927 
6 452 466 1766 1826 1829 1831 
6 122 466 1829 1830 1931 1932 
6 466 467 1827 1828 1830 1831 
6 122 467 1828 1829 1834 1842 
6 452 467 1768 1827 1829 1832 
6 119 467 1768 1831 1845 1846 
6 122 468 1834 1835 1946 1951 
6 122 469 1830 1833 1835 1842 
6 468 469 1833 1834 1837 1839 
6 34 468 1837 1838 1949 1950 
6 468 470 1835 1836 1838 1839 
6 34 470 1836 1837 1853 1882 
6 469 470 1835 1837 1840 1841 
6 123 470 1839 1841 1885 1886 
6 123 469 1839 1840 1843 1844 
6 467 469 1830 1834 1843 1845 
6 469 471 1841 1842 1844 1845 
6 123 471 1841 1843 1847 1848 
6 467 471 1832 1842 1843 1846 
6 119 471 1775 1832 1845 1851 
6 123 472 1844 1848 1898 1903 
6 471 472 1844 1847 1850 1851 
6 33 472 1777 1850 1901 1902 
6 454 472 1777 1848 1849 1851 
6 454 471 1775 1846 1848 1850 
6 34 473 1853 1854 2001 2024 
6 34 474 1838 1852 1854 1882 
6 473 474 1852 1853 1856 1858 
6 124 473 1856 1857 2020 2023 
6 473 475 1854 1855 1857 1858 
6 124 475 1855 1856 1862 1870 
6 474 475 1854 1856 1859 1860 
6 125 475 1858 1860 1873 1874 
6 125 474 1858 1859 1883 1884 
6 124 476 1862 1863 2016 2017 
6 124 477 1857 1861 1863 1870 
6 476 477 1861 1862 1865 1867 
6 11 476 1865 1866 2014 2015 
6 476 478 1863 1864 1866 1867 
6 11 478 1864 1865 2336 2478 
6 477 478 1863 1865 1868 1869 
6 126 478 1867 1869 2481 2482 
6 126 477 1867 1868 1871 1872 
6 475 477 1857 1862 1871 1873 
6 477 479 1869 1870 1872 1873 
6 126 479 1869 1871 1875 1876 
6 475 479 1859 1870 1871 1874 
6 125 479 1859 1873 1880 1881 
6 126 480 1872 1876 2494 2499 
6 479 480 1872 1875 1878 1880 
6 35 480 1878 1879 2497 2498 
6 480 481 1876 1877 1879 1880 
6 35 481 1877 1878 1889 1890 
6 479 481 1874 1876 1878 1881 
6 125 481 1874 1880 1887 1888 
6 470 474 1838 1853 1883 1885 
6 474 482 1860 1882 1884 1885 
6 125 482 1860 1883 1887 1894 
6 470 482 1840 1882 1883 1886 
6 123 482 1840 1885 1897 1898 
6 125 483 1881 1884 1888 1894 
6 481 483 1881 1887 1889 1891 
6 481 484 1879 1888 1890 1891 
6 35 484 1879 1889 1904 1905 
6 483 484 1888 1889 1892 1893 
6 127 484 1891 1893 1909 1910 
6 127 483 1891 1892 1895 1896 
6 482 483 1884 1887 1895 1897 
6 483 485 1893 1894 1896 1897 
6 127 485 1893 1895 1899 1900 
6 482 485 1886 1894 1895 1898 
6 123 485 1847 1886 1897 1903 
6 127 486 1896 1900 1922 1925 
6 485 486 1896 1899 1902 1903 
6 33 486 1804 1849 1902 1924 
6 472 486 1849 1900 1901 1903 
6 472 485 1847 1898 1900 1902 
6 35 487 1890 1905 2541 2560 
6 484 487 1890 1904 1907 1909 
6 128 487 1907 1908 2556 2559 
6 487 488 1905 1906 1908 1909 
6 128 488 1906 1907 1912 1918 
6 484 488 1892 1905 1907 1910 
6 127 488 1892 1909 1921 1922 
6 128 489 1912 1913 2552 2553 
6 128 490 1908 1911 1913 1918 
6 489 490 1911 1912 1915 1916 
6 7 489 1574 1814 1915 2551 
6 463 489 1814 1913 1914 1916 
6 463 490 1811 1913 1915 1917 
6 121 490 1811 1916 1919 1920 
6 488 490 1908 1912 1919 1921 
6 490 491 1917 1918 1920 1921 
6 121 491 1806 1917 1919 1923 
6 488 491 1910 1918 1919 1922 
6 127 491 1899 1910 1921 1925 
6 461 491 1806 1920 1924 1925 
6 461 486 1804 1901 1923 1925 
6 486 491 1899 1922 1923 1924 
6 6 492 1826 1927 2026 2027 
6 466 492 1826 1926 1929 1931 
6 129 492 1929 1930 2031 2032 
6 492 493 1927 1928 1930 1931 
6 129 493 1928 1929 1934 1942 
6 466 493 1828 1927 1929 1932 
6 122 493 1828 1931 1945 1946 
6 129 494 1934 1935 2046 2051 
6 129 495 1930 1933 1935 1942 
6 494 495 1933 1934 1937 1939 
6 36 494 1937 1938 2049 2050 
6 494 496 1935 1936 1938 1939 
6 36 496 1936 1937 1953 1982 
6 495 496 1935 1937 1940 1941 
6 130 496 1939 1941 1985 1986 
6 130 495 1939 1940 1943 1944 
6 493 495 1930 1934 1943 1945 
6 495 497 1941 1942 1944 1945 
6 130 497 1941 1943 1947 1948 
6 493 497 1932 1942 1943 1946 
6 122 497 1833 1932 1945 1951 
6 130 498 1944 1948 1998 2003 
6 497 498 1944 1947 1950 1951 
6 34 498 1836 1950 2001 2002 
6 468 498 1836 1948 1949 1951 
6 468 497 1833 1946 1948 1950 
6 36 499 1953 1954 2097 2116 
6 36 500 1938 1952 1954 1982 
6 499 500 1952 1953 1956 1958 
6 131 499 1956 1957 2112 2115 
6 499 501 1954 1955 1957 1958 
6 131 501 1955 1956 1962 1970 
6 500 501 1954 1956 1959 1960 
6 132 501 1958 1960 1973 1974 
6 132 500 1958 1959 1983 1984 
6 131 502 1962 1963 2108 2109 
6 131 503 1957 1961 1963 1970 
6 502 503 1961 1962 1965 1967 
6 0 502 736 1965 1966 2107 
6 502 504 1963 1964 1966 1967 
6 0 504 838 1964 1965 2237 
6 503 504 1963 1965 1968 1969 
6 133 504 1967 1969 2235 2236 
6 133 503 1967 1968 1971 1972 
6 501 503 1957 1962 1971 1973 
6 503 505 1969 1970 1972 1973 
6 133 505 1969 1971 1975 1976 
6 501 505 1959 1970 1971 1974 
6 132 505 1959 1973 1980 1981 
6 133 506 1972 1976 2230 2231 
6 505 506 1972 1975 1978 1980 
6 37 506 1978 1979 2228 2229 
6 506 507 1976 1977 1979 1980 
6 37 507 1977 1978 1989 1990 
6 505 507 1974 1976 1978 1981 
6 132 507 1974 1980 1987 1988 
6 496 500 1938 1953 1983 1985 
6 500 508 1960 1982 1984 1985 
6 132 508 1960 1983 1987 1994 
6 496 508 1940 1982 1983 1986 
6 130 508 1940 1985 1997 1998 
6 132 509 1981 1984 1988 1994 
6 507 509 1981 1987 1989 1991 
6 507 510 1979 1988 1990 1991 
6 37 510 1979 1989 2004 2005 
6 509 510 1988 1989 1992 1993 
6 134 510 1991 1993 2009 2010 
6 134 509 1991 1992 1995 1996 
6 508 509 1984 1987 1995 1997 
6 509 511 1993 1994 1996 1997 
6 134 511 1993 1995 1999 2000 
6 508 511 1986 1994 1995 1998 
6 130 511 1947 1986 1997 2003 
6 134 512 1996 2000 2022 2025 
6 511 512 1996 1999 2002 2003 
6 34 512 1852 1949 2002 2024 
6 498 512 1949 2000 2001 2003 
6 498 511 1947 1998 2000 2002 
6 37 513 1990 2005 2211 2212 
6 510 513 1990 2004 2007 2009 
6 135 513 2007 2008 2209 2210 
6 513 514 2005 2006 2008 2009 
6 135 514 2006 2007 2012 2018 
6 510 514 1992 2005 2007 2010 
6 134 514 1992 2009 2021 2022 
6 135 515 2012 2013 2204 2205 
6 135 516 2008 2011 2013 2018 
6 515 516 2011 2012 2015 2016 
6 11 515 1864 2015 2202 2203 
6 476 515 1864 2013 2014 2016 
6 476 516 1861 2013 2015 2017 
6 124 516 1861 2016 2019 2020 
6 514 516 2008 2012 2019 2021 
6 516 517 2017 2018 2020 2021 
6 124 517 1855 2017 2019 2023 
6 514 517 2010 2018 2019 2022 
6 134 517 1999 2010 2021 2025 
6 473 517 1855 2020 2024 2025 
6 473 512 1852 2001 2023 2025 
6 512 517 1999 2022 2023 2024 
6 6 518 1764 1926 2027 2191 
6 492 518 1926 2026 2029 2031 
6 136 518 2029 2030 2189 2190 
6 518 519 2027 2028 2030 2031 
6 136 519 2028 2029 2034 2042 
6 492 519 1928 2027 2029 2032 
6 129 519 1928 2031 2045 2046 
6 136 520 2034 2035 2185 2186 
6 136 521 2030 2033 2035 2042 
6 520 521 2033 2034 2037 2039 
6 38 520 2037 2038 2170 2184 
6 520 522 2035 2036 2038 2039 
6 38 522 2036 2037 2053 2078 
6 521 522 2035 2037 2040 2041 
6 137 522 2039 2041 2081 2082 
6 137 521 2039 2040 2043 2044 
6 519 521 2030 2034 2043 2045 
6 521 523 2041 2042 2044 2045 
6 137 523 2041 2043 2047 2048 
6 519 523 2032 2042 2043 2046 
6 129 523 1933 2032 2045 2051 
6 137 524 2044 2048 2094 2099 
6 523 524 2044 2047 2050 2051 
6 36 524 1936 2050 2097 2098 
6 494 524 1936 2048 2049 2051 
6 494 523 1933 2046 2048 2050 
6 38 525 2053 2054 2158 2159 
6 38 526 2038 2052 2054 2078 
6 525 526 2052 2053 2056 2058 
6 138 525 2056 2057 2154 2157 
6 525 527 2054 2055 2057 2058 
6 138 527 2055 2056 2062 2068 
6 526 527 2054 2056 2059 2060 
6 139 527 2058 2060 2071 2072 
6 139 526 2058 2059 2079 2080 
6 138 528 2062 2063 2150 2151 
6 138 529 2057 2061 2063 2068 
6 528 529 2061 2062 2065 2066 
6 1 528 643 1142 2065 2149 
6 163 528 643 2063 2064 2066 
6 163 529 650 2063 2065 2067 
6 43 529 650 2066 2069 2070 
6 527 529 2057 2062 2069 2071 
6 529 530 2067 2068 2070 2071 
6 43 530 671 2067 2069 2073 
6 527 530 2059 2068 2069 2072 
6 139 530 2059 2071 2076 2077 
6 170 530 671 2070 2074 2076 
6 170 531 669 2073 2075 2076 
6 13 531 669 2074 2085 2086 
6 530 531 2072 2073 2074 2077 
6 139 531 2072 2076 2083 2084 
6 522 526 2038 2053 2079 2081 
6 526 532 2060 2078 2080 2081 
6 139 532 2060 2079 2083 2090 
6 522 532 2040 2078 2079 2082 
6 137 532 2040 2081 2093 2094 
6 139 533 2077 2080 2084 2090 
6 531 533 2077 2083 2085 2087 
6 531 534 2075 2084 2086 2087 
6 13 534 747 2075 2085 2100 
6 533 534 2084 2085 2088 2089 
6 140 534 2087 2089 2103 2104 
6 140 533 2087 2088 2091 2092 
6 532 533 2080 2083 2091 2093 
6 533 535 2089 2090 2092 2093 
6 140 535 2089 2091 2095 2096 
6 532 535 2082 2090 2091 2094 
6 137 535 2047 2082 2093 2099 
6 140 536 2092 2096 2114 2117 
6 535 536 2092 2095 2098 2099 
6 36 536 1952 2049 2098 2116 
6 524 536 2049 2096 2097 2099 
6 524 535 2047 2094 2096 2098 
6 191 534 747 2086 2101 2103 
6 191 537 745 2100 2102 2103 
6 50 537 745 2101 2105 2110 
6 534 537 2088 2100 2101 2104 
6 140 537 2088 2103 2113 2114 
6 50 538 738 2102 2106 2110 
6 189 538 738 2105 2107 2108 
6 189 502 736 1964 2106 2108 
6 502 538 1961 2106 2107 2109 
6 131 538 1961 2108 2111 2112 
6 537 538 2102 2105 2111 2113 
6 538 539 2109 2110 2112 2113 
6 131 539 1955 2109 2111 2115 
6 537 539 2104 2110 2111 2114 
6 140 539 2095 2104 2113 2117 
6 499 539 1955 2112 2116 2117 
6 499 536 1952 2097 2115 2117 
6 536 539 2095 2114 2115 2116 
6 302 440 1180 1726 2119 2121 
6 302 540 1177 2118 2120 2121 
6 79 540 1177 2119 2123 2130 
6 440 540 1728 2118 2119 2122 
6 115 540 1728 2121 2133 2134 
6 79 541 1171 2120 2124 2130 
6 299 541 1171 2123 2125 2127 
6 299 542 1168 2124 2126 2127 
6 22 542 1168 2125 2140 2162 
6 541 542 2124 2125 2128 2129 
6 141 542 2127 2129 2165 2166 
6 141 541 2127 2128 2131 2132 
6 540 541 2120 2123 2131 2133 
6 541 543 2129 2130 2132 2133 
6 141 543 2129 2131 2135 2136 
6 540 543 2122 2130 2131 2134 
6 115 543 1733 2122 2133 2139 
6 141 544 2132 2136 2178 2183 
6 543 544 2132 2135 2138 2139 
6 32 544 1736 2138 2181 2182 
6 442 544 1736 2136 2137 2139 
6 442 543 1733 2134 2136 2138 
6 22 545 1152 2126 2141 2162 
6 294 545 1152 2140 2142 2144 
6 294 546 1149 2141 2143 2144 
6 77 546 1149 2142 2147 2152 
6 545 546 2141 2142 2145 2146 
6 142 546 2144 2146 2155 2156 
6 142 545 2144 2145 2163 2164 
6 77 547 1144 2143 2148 2152 
6 292 547 1144 2147 2149 2150 
6 292 528 1142 2064 2148 2150 
6 528 547 2061 2148 2149 2151 
6 138 547 2061 2150 2153 2154 
6 546 547 2143 2147 2153 2155 
6 547 548 2151 2152 2154 2155 
6 138 548 2055 2151 2153 2157 
6 546 548 2145 2152 2153 2156 
6 142 548 2145 2155 2160 2161 
6 525 548 2055 2154 2158 2160 
6 525 549 2052 2157 2159 2160 
6 38 549 2052 2158 2169 2170 
6 548 549 2156 2157 2158 2161 
6 142 549 2156 2160 2167 2168 
6 542 545 2126 2140 2163 2165 
6 545 550 2146 2162 2164 2165 
6 142 550 2146 2163 2167 2174 
6 542 550 2128 2162 2163 2166 
6 141 550 2128 2165 2177 2178 
6 142 551 2161 2164 2168 2174 
6 549 551 2161 2167 2169 2171 
6 549 552 2159 2168 2170 2171 
6 38 552 2036 2159 2169 2184 
6 551 552 2168 2169 2172 2173 
6 143 552 2171 2173 2187 2188 
6 143 551 2171 2172 2175 2176 
6 550 551 2164 2167 2175 2177 
6 551 553 2173 2174 2176 2177 
6 143 553 2173 2175 2179 2180 
6 550 553 2166 2174 2175 2178 
6 141 553 2135 2166 2177 2183 
6 143 554 2176 2180 2198 2201 
6 553 554 2176 2179 2182 2183 
6 32 554 1752 2137 2182 2200 
6 544 554 2137 2180 2181 2183 
6 544 553 2135 2178 2180 2182 
6 520 552 2036 2170 2185 2187 
6 520 555 2033 2184 2186 2187 
6 136 555 2033 2185 2189 2194 
6 552 555 2172 2184 2185 2188 
6 143 555 2172 2187 2197 2198 
6 136 556 2028 2186 2190 2194 
6 518 556 2028 2189 2191 2192 
6 450 518 1764 2026 2190 2192 
6 450 556 1761 2190 2191 2193 
6 117 556 1761 2192 2195 2196 
6 555 556 2186 2189 2195 2197 
6 556 557 2193 2194 2196 2197 
6 117 557 1755 2193 2195 2199 
6 555 557 2188 2194 2195 2198 
6 143 557 2179 2188 2197 2201 
6 447 557 1755 2196 2200 2201 
6 447 554 1752 2181 2199 2201 
6 554 557 2179 2198 2199 2200 
6 11 558 2014 2203 2336 2337 
6 515 558 2014 2202 2204 2206 
6 515 559 2011 2203 2205 2206 
6 135 559 2011 2204 2209 2216 
6 558 559 2203 2204 2207 2208 
6 144 559 2206 2208 2219 2220 
6 144 558 2206 2207 2338 2339 
6 135 560 2006 2205 2210 2216 
6 513 560 2006 2209 2211 2213 
6 513 561 2004 2210 2212 2213 
6 37 561 2004 2211 2228 2250 
6 560 561 2210 2211 2214 2215 
6 145 561 2213 2215 2253 2254 
6 145 560 2213 2214 2217 2218 
6 559 560 2205 2209 2217 2219 
6 560 562 2215 2216 2218 2219 
6 145 562 2215 2217 2221 2222 
6 559 562 2207 2216 2217 2220 
6 144 562 2207 2219 2226 2227 
6 145 563 2218 2222 2266 2271 
6 562 563 2218 2221 2224 2226 
6 39 563 2224 2225 2269 2270 
6 563 564 2222 2223 2225 2226 
6 39 564 2223 2224 2346 2347 
6 562 564 2220 2222 2224 2227 
6 144 564 2220 2226 2342 2345 
6 37 565 1977 2212 2229 2250 
6 506 565 1977 2228 2230 2232 
6 506 566 1975 2229 2231 2232 
6 133 566 1975 2230 2235 2240 
6 565 566 2229 2230 2233 2234 
6 146 566 2232 2234 2243 2244 
6 146 565 2232 2233 2251 2252 
6 133 567 1968 2231 2236 2240 
6 504 567 1968 2235 2237 2238 
6 215 504 838 1966 2236 2238 
6 215 567 835 2236 2237 2239 
6 57 567 835 2238 2241 2242 
6 566 567 2231 2235 2241 2243 
6 567 568 2239 2240 2242 2243 
6 57 568 830 2239 2241 2245 
6 566 568 2233 2240 2241 2244 
6 146 568 2233 2243 2248 2249 
6 213 568 830 2242 2246 2248 
6 213 569 828 2245 2247 2248 
6 16 569 828 2246 2257 2258 
6 568 569 2244 2245 2246 2249 
6 146 569 2244 2248 2255 2256 
6 561 565 2212 2228 2251 2253 
6 565 570 2234 2250 2252 2253 
6 146 570 2234 2251 2255 2262 
6 561 570 2214 2250 2251 2254 
6 145 570 2214 2253 2265 2266 
6 146 571 2249 2252 2256 2262 
6 569 571 2249 2255 2257 2259 
6 569 572 2247 2256 2258 2259 
6 16 572 801 2247 2257 2272 
6 571 572 2256 2257 2260 2261 
6 147 572 2259 2261 2275 2276 
6 147 571 2259 2260 2263 2264 
6 570 571 2252 2255 2263 2265 
6 571 573 2261 2262 2264 2265 
6 147 573 2261 2263 2267 2268 
6 570 573 2254 2262 2263 2266 
6 145 573 2221 2254 2265 2271 
6 147 574 2264 2268 2288 2293 
6 573 574 2264 2267 2270 2271 
6 39 574 2223 2270 2291 2292 
6 563 574 2223 2268 2269 2271 
6 563 573 2221 2266 2268 2270 
6 206 572 801 2258 2273 2275 
6 206 575 799 2272 2274 2275 
6 55 575 799 2273 2277 2284 
6 572 575 2260 2272 2273 2276 
6 147 575 2260 2275 2287 2288 
6 55 576 792 2274 2278 2284 
6 204 576 792 2277 2279 2281 
6 204 577 790 2278 2280 2281 
6 9 577 790 2279 2379 2380 
6 576 577 2278 2279 2282 2283 
6 148 577 2281 2283 2377 2378 
6 148 576 2281 2282 2285 2286 
6 575 576 2274 2277 2285 2287 
6 576 578 2283 2284 2286 2287 
6 148 578 2283 2285 2289 2290 
6 575 578 2276 2284 2285 2288 
6 147 578 2267 2276 2287 2293 
6 148 579 2286 2290 2373 2374 
6 578 579 2286 2289 2292 2293 
6 39 579 2269 2292 2358 2372 
6 574 579 2269 2290 2291 2293 
6 574 578 2267 2288 2290 2292 
6 2 580 1622 2295 2296 2509 
6 2 581 1474 2294 2296 2425 
6 580 581 2294 2295 2298 2300 
6 149 580 2298 2299 2507 2508 
6 580 582 2296 2297 2299 2300 
6 149 582 2297 2298 2304 2312 
6 581 582 2296 2298 2301 2302 
6 150 582 2300 2302 2315 2316 
6 150 581 2300 2301 2426 2427 
6 149 583 2304 2305 2502 2503 
6 149 584 2299 2303 2305 2312 
6 583 584 2303 2304 2307 2309 
6 40 583 2307 2308 2500 2501 
6 583 585 2305 2306 2308 2309 
6 40 585 2306 2307 2325 2350 
6 584 585 2305 2307 2310 2311 
6 151 585 2309 2311 2353 2354 
6 151 584 2309 2310 2313 2314 
6 582 584 2299 2304 2313 2315 
6 584 586 2311 2312 2314 2315 
6 151 586 2311 2313 2317 2318 
6 582 586 2301 2312 2313 2316 
6 150 586 2301 2315 2322 2323 
6 151 587 2314 2318 2366 2371 
6 586 587 2314 2317 2320 2322 
6 41 587 2320 2321 2369 2370 
6 587 588 2318 2319 2321 2322 
6 41 588 2319 2320 2434 2435 
6 586 588 2316 2318 2320 2323 
6 150 588 2316 2322 2430 2433 
6 40 589 2325 2326 2485 2486 
6 40 590 2308 2324 2326 2350 
6 589 590 2324 2325 2328 2330 
6 152 589 2328 2329 2483 2484 
6 589 591 2326 2327 2329 2330 
6 152 591 2327 2328 2334 2340 
6 590 591 2326 2328 2331 2332 
6 153 591 2330 2332 2343 2344 
6 153 590 2330 2331 2351 2352 
6 152 592 2334 2335 2479 2480 
6 152 593 2329 2333 2335 2340 
6 592 593 2333 2334 2337 2338 
6 11 592 1866 2202 2337 2478 
6 558 592 2202 2335 2336 2338 
6 558 593 2208 2335 2337 2339 
6 144 593 2208 2338 2341 2342 
6 591 593 2329 2334 2341 2343 
6 593 594 2339 2340 2342 2343 
6 144 594 2227 2339 2341 2345 
6 591 594 2331 2340 2341 2344 
6 153 594 2331 2343 2348 2349 
6 564 594 2227 2342 2346 2348 
6 564 595 2225 2345 2347 2348 
6 39 595 2225 2346 2357 2358 
6 594 595 2344 2345 2346 2349 
6 153 595 2344 2348 2355 2356 
6 585 590 2308 2325 2351 2353 
6 590 596 2332 2350 2352 2353 
6 153 596 2332 2351 2355 2362 
6 585 596 2310 2350 2351 2354 
6 151 596 2310 2353 2365 2366 
6 153 597 2349 2352 2356 2362 
6 595 597 2349 2355 2357 2359 
6 595 598 2347 2356 2358 2359 
6 39 598 2291 2347 2357 2372 
6 597 598 2356 2357 2360 2361 
6 154 598 2359 2361 2375 2376 
6 154 597 2359 2360 2363 2364 
6 596 597 2352 2355 2363 2365 
6 597 599 2361 2362 2364 2365 
6 154 599 2361 2363 2367 2368 
6 596 599 2354 2362 2363 2366 
6 151 599 2317 2354 2365 2371 
6 154 600 2364 2368 2388 2393 
6 599 600 2364 2367 2370 2371 
6 41 600 2319 2370 2391 2392 
6 587 600 2319 2368 2369 2371 
6 587 599 2317 2366 2368 2370 
6 579 598 2291 2358 2373 2375 
6 579 601 2289 2372 2374 2375 
6 148 601 2289 2373 2377 2384 
6 598 601 2360 2372 2373 2376 
6 154 601 2360 2375 2387 2388 
6 148 602 2282 2374 2378 2384 
6 577 602 2282 2377 2379 2381 
6 577 603 2280 2378 2380 2381 
6 9 603 938 2280 2379 2467 
6 602 603 2378 2379 2382 2383 
6 155 603 2381 2383 2465 2466 
6 155 602 2381 2382 2385 2386 
6 601 602 2374 2377 2385 2387 
6 602 604 2383 2384 2386 2387 
6 155 604 2383 2385 2389 2390 
6 601 604 2376 2384 2385 2388 
6 154 604 2367 2376 2387 2393 
6 155 605 2386 2390 2461 2462 
6 604 605 2386 2389 2392 2393 
6 41 605 2369 2392 2446 2460 
6 600 605 2369 2390 2391 2393 
6 600 604 2367 2388 2390 2392 
6 230 389 890 1522 2395 2397 
6 389 606 1519 2394 2396 2397 
6 102 606 1519 2395 2399 2406 
6 230 606 892 2394 2395 2398 
6 62 606 892 2397 2409 2410 
6 102 607 1514 2396 2400 2406 
6 387 607 1514 2399 2401 2403 
6 387 608 1512 2400 2402 2403 
6 28 608 1512 2401 2416 2438 
6 607 608 2400 2401 2404 2405 
6 156 608 2403 2405 2441 2442 
6 156 607 2403 2404 2407 2408 
6 606 607 2396 2399 2407 2409 
6 607 609 2405 2406 2408 2409 
6 156 609 2405 2407 2411 2412 
6 606 609 2398 2406 2407 2410 
6 62 609 899 2398 2409 2415 
6 156 610 2408 2412 2454 2459 
6 609 610 2408 2411 2414 2415 
6 18 610 901 2414 2457 2458 
6 232 610 901 2412 2413 2415 
6 232 609 899 2410 2412 2414 
6 28 611 1485 2402 2417 2438 
6 380 611 1485 2416 2418 2420 
6 380 612 1483 2417 2419 2420 
6 100 612 1483 2418 2423 2428 
6 611 612 2417 2418 2421 2422 
6 157 612 2420 2422 2431 2432 
6 157 611 2420 2421 2439 2440 
6 100 613 1476 2419 2424 2428 
6 378 613 1476 2423 2425 2426 
6 378 581 1474 2295 2424 2426 
6 581 613 2302 2424 2425 2427 
6 150 613 2302 2426 2429 2430 
6 612 613 2419 2423 2429 2431 
6 613 614 2427 2428 2430 2431 
6 150 614 2323 2427 2429 2433 
6 612 614 2421 2428 2429 2432 
6 157 614 2421 2431 2436 2437 
6 588 614 2323 2430 2434 2436 
6 588 615 2321 2433 2435 2436 
6 41 615 2321 2434 2445 2446 
6 614 615 2432 2433 2434 2437 
6 157 615 2432 2436 2443 2444 
6 608 611 2402 2416 2439 2441 
6 611 616 2422 2438 2440 2441 
6 157 616 2422 2439 2443 2450 
6 608 616 2404 2438 2439 2442 
6 156 616 2404 2441 2453 2454 
6 157 617 2437 2440 2444 2450 
6 615 617 2437 2443 2445 2447 
6 615 618 2435 2444 2446 2447 
6 41 618 2391 2435 2445 2460 
6 617 618 2444 2445 2448 2449 
6 158 618 2447 2449 2463 2464 
6 158 617 2447 2448 2451 2452 
6 616 617 2440 2443 2451 2453 
6 617 619 2449 2450 2452 2453 
6 158 619 2449 2451 2455 2456 
6 616 619 2442 2450 2451 2454 
6 156 619 2411 2442 2453 2459 
6 158 620 2452 2456 2474 2477 
6 619 620 2452 2455 2458 2459 
6 18 620 928 2413 2458 2476 
6 610 620 2413 2456 2457 2459 
6 610 619 2411 2454 2456 2458 
6 605 618 2391 2446 2461 2463 
6 605 621 2389 2460 2462 2463 
6 155 621 2389 2461 2465 2470 
6 618 621 2448 2460 2461 2464 
6 158 621 2448 2463 2473 2474 
6 155 622 2382 2462 2466 2470 
6 603 622 2382 2465 2467 2468 
6 241 603 938 2380 2466 2468 
6 241 622 935 2466 2467 2469 
6 64 622 935 2468 2471 2472 
6 621 622 2462 2465 2471 2473 
6 622 623 2469 2470 2472 2473 
6 64 623 930 2469 2471 2475 
6 621 623 2464 2470 2471 2474 
6 158 623 2455 2464 2473 2477 
6 239 623 930 2472 2476 2477 
6 239 620 928 2457 2475 2477 
6 620 623 2455 2474 2475 2476 
6 478 592 1866 2336 2479 2481 
6 592 624 2333 2478 2480 2481 
6 152 624 2333 2479 2483 2490 
6 478 624 1868 2478 2479 2482 
6 126 624 1868 2481 2493 2494 
6 152 625 2327 2480 2484 2490 
6 589 625 2327 2483 2485 2487 
6 589 626 2324 2484 2486 2487 
6 40 626 2324 2485 2500 2522 
6 625 626 2484 2485 2488 2489 
6 159 626 2487 2489 2525 2526 
6 159 625 2487 2488 2491 2492 
6 624 625 2480 2483 2491 2493 
6 625 627 2489 2490 2492 2493 
6 159 627 2489 2491 2495 2496 
6 624 627 2482 2490 2491 2494 
6 126 627 1875 2482 2493 2499 
6 159 628 2492 2496 2538 2543 
6 627 628 2492 2495 2498 2499 
6 35 628 1877 2498 2541 2542 
6 480 628 1877 2496 2497 2499 
6 480 627 1875 2494 2496 2498 
6 40 629 2306 2486 2501 2522 
6 583 629 2306 2500 2502 2504 
6 583 630 2303 2501 2503 2504 
6 149 630 2303 2502 2507 2512 
6 629 630 2501 2502 2505 2506 
6 160 630 2504 2506 2515 2516 
6 160 629 2504 2505 2523 2524 
6 149 631 2297 2503 2508 2512 
6 580 631 2297 2507 2509 2510 
6 415 580 1622 2294 2508 2510 
6 415 631 1619 2508 2509 2511 
6 109 631 1619 2510 2513 2514 
6 630 631 2503 2507 2513 2515 
6 631 632 2511 2512 2514 2515 
6 109 632 1614 2511 2513 2517 
6 630 632 2505 2512 2513 2516 
6 160 632 2505 2515 2520 2521 
6 413 632 1614 2514 2518 2520 
6 413 633 1612 2517 2519 2520 
6 30 633 1612 2518 2529 2530 
6 632 633 2516 2517 2518 2521 
6 160 633 2516 2520 2527 2528 
6 626 629 2486 2500 2523 2525 
6 629 634 2506 2522 2524 2525 
6 160 634 2506 2523 2527 2534 
6 626 634 2488 2522 2523 2526 
6 159 634 2488 2525 2537 2538 
6 160 635 2521 2524 2528 2534 
6 633 635 2521 2527 2529 2531 
6 633 636 2519 2528 2530 2531 
6 30 636 1585 2519 2529 2544 
6 635 636 2528 2529 2532 2533 
6 161 636 2531 2533 2547 2548 
6 161 635 2531 2532 2535 2536 
6 634 635 2524 2527 2535 2537 
6 635 637 2533 2534 2536 2537 
6 161 637 2533 2535 2539 2540 
6 634 637 2526 2534 2535 2538 
6 159 637 2495 2526 2537 2543 
6 161 638 2536 2540 2558 2561 
6 637 638 2536 2539 2542 2543 
6 35 638 1904 2497 2542 2560 
6 628 638 2497 2540 2541 2543 
6 628 637 2495 2538 2540 2542 
6 406 636 1585 2530 2545 2547 
6 406 639 1583 2544 2546 2547 
6 107 639 1583 2545 2549 2554 
6 636 639 2532 2544 2545 2548 
6 161 639 2532 2547 2557 2558 
6 107 640 1576 2546 2550 2554 
6 404 640 1576 2549 2551 2552 
6 404 489 1574 1914 2550 2552 
6 489 640 1911 2550 2551 2553 
6 128 640 1911 2552 2555 2556 
6 639 640 2546 2549 2555 2557 
6 640 641 2553 2554 2556 2557 
6 128 641 1906 2553 2555 2559 
6 639 641 2548 2554 2555 2558 
6 161 641 2539 2548 2557 2561 
6 487 641 1906 2556 2560 2561 
6 487 638 1904 2541 2559 2561 
6 638 641 2539 2558 2559 2560 

