42

-0.525731 0 0.850651
0.525731 0 0.850651
-0.525731 0 -0.850651
0.525731 0 -0.850651
0 0.850651 0.525731
0 0.850651 -0.525731
0 -0.850651 0.525731
0 -0.850651 -0.525731
0.850651 0.525731 0
-0.850651 0.525731 0
0.850651 -0.525731 0
-0.850651 -0.525731 0
0.309017 0.5 0.809017
0 0 1
-0.309017 0.5 0.809017
-0.5 0.809017 0.309017
-0.809017 0.309017 0.5
0 1 0
-0.5 0.809017 -0.309017
0.5 0.809017 -0.309017
0.5 0.809017 0.309017
0.809017 0.309017 0.5
0.809017 -0.309017 0.5
1 0 0
0.809017 -0.309017 -0.5
0.809017 0.309017 -0.5
0.309017 0.5 -0.809017
0 0 -1
-0.309017 0.5 -0.809017
0.309017 -0.5 -0.809017
-0.309017 -0.5 -0.809017
0.5 -0.809017 -0.309017
0.5 -0.809017 0.309017
0 -1 0
-0.5 -0.809017 0.309017
-0.5 -0.809017 -0.309017
-0.309017 -0.5 0.809017
-0.809017 -0.309017 0.5
0.309017 -0.5 0.809017
-1 0 0
-0.809017 -0.309017 -0.5
-0.809017 0.309017 -0.5

80

1 12 13
12 4 14
12 14 13
14 0 13
4 15 14
15 9 16
15 16 14
16 0 14
4 17 15
17 5 18
17 18 15
18 9 15
8 19 20
19 5 17
19 17 20
17 4 20
1 21 12
21 8 20
21 20 12
20 4 12
1 22 21
22 10 23
22 23 21
23 8 21
10 24 23
24 3 25
24 25 23
25 8 23
8 25 19
25 3 26
25 26 19
26 5 19
3 27 26
27 2 28
27 28 26
28 5 26
3 29 27
29 7 30
29 30 27
30 2 27
3 24 29
24 10 31
24 31 29
31 7 29
10 32 31
32 6 33
32 33 31
33 7 31
6 34 33
34 11 35
34 35 33
35 7 33
6 36 34
36 0 37
36 37 34
37 11 34
6 38 36
38 1 13
38 13 36
13 0 36
10 22 32
22 1 38
22 38 32
38 6 32
11 37 39
37 0 16
37 16 39
16 9 39
2 40 41
40 11 39
40 39 41
39 9 41
5 28 18
28 2 41
28 41 18
41 9 18
11 40 35
40 2 30
40 30 35
30 7 35

