642

5 187 189 215 502 504 
5 162 163 270 292 528 
5 376 378 415 580 581 
5 328 330 352 366 392 
5 174 176 192 218 267 
5 228 230 256 363 389 
5 450 452 466 492 518 
5 402 404 437 463 489 
5 244 245 280 315 341 
5 202 204 241 577 603 
5 302 304 318 426 440 
5 476 478 515 558 592 
6 165 167 171 172 276 288 
6 169 170 184 191 531 534 
6 178 179 182 185 198 212 
6 194 196 199 200 224 238 
6 206 207 210 213 569 572 
6 220 222 225 226 259 262 
6 232 233 236 239 610 620 
6 247 249 253 254 348 360 
6 251 252 264 269 283 286 
6 272 274 277 278 298 312 
6 294 296 299 300 542 545 
6 306 307 310 313 324 338 
6 320 322 325 326 420 423 
6 332 333 336 339 346 349 
6 354 355 358 361 372 386 
6 368 370 373 374 398 412 
6 380 381 384 387 608 611 
6 394 396 399 400 422 434 
6 406 407 410 413 633 636 
6 428 429 432 435 446 460 
6 442 444 447 448 544 554 
6 454 455 458 461 472 486 
6 468 470 473 474 498 512 
6 480 481 484 487 628 638 
6 494 496 499 500 524 536 
6 506 507 510 513 561 565 
6 520 522 525 526 549 552 
6 563 564 574 579 595 598 
6 583 585 589 590 626 629 
6 587 588 600 605 615 618 
6 162 164 165 166 271 275 
6 163 164 168 170 529 530 
6 166 167 168 169 180 183 
6 171 173 174 175 290 291 
6 172 173 177 179 180 181 
6 175 176 177 178 193 197 
6 181 182 183 184 186 190 
6 185 186 187 188 216 217 
6 188 189 190 191 537 538 
6 192 193 194 195 219 223 
6 195 196 197 198 208 211 
6 199 201 202 203 242 243 
6 200 201 205 207 208 209 
6 203 204 205 206 575 576 
6 209 210 211 212 214 217 
6 213 214 215 216 567 568 
6 218 219 220 221 265 266 
6 221 222 223 224 234 237 
6 225 227 228 229 257 258 
6 226 227 231 233 234 235 
6 229 230 231 232 606 609 
6 235 236 237 238 240 243 
6 239 240 241 242 622 623 
6 244 246 247 248 344 347 
6 245 246 250 252 281 282 
6 248 249 250 251 260 263 
6 253 255 256 257 364 365 
6 254 255 258 259 260 261 
6 261 262 263 264 265 268 
6 266 267 268 269 289 290 
6 270 271 272 273 293 297 
6 273 274 275 276 284 287 
6 277 279 280 281 316 317 
6 278 279 282 283 284 285 
6 285 286 287 288 289 291 
6 292 293 294 295 546 547 
6 295 296 297 298 308 311 
6 299 301 302 303 540 541 
6 300 301 305 307 308 309 
6 303 304 305 306 319 323 
6 309 310 311 312 314 317 
6 313 314 315 316 342 343 
6 318 319 320 321 424 425 
6 321 322 323 324 334 337 
6 325 327 328 329 418 419 
6 326 327 331 333 334 335 
6 329 330 331 332 350 351 
6 335 336 337 338 340 343 
6 339 340 341 342 344 345 
6 345 346 347 348 356 359 
6 349 350 353 355 356 357 
6 351 352 353 354 367 371 
6 357 358 359 360 362 365 
6 361 362 363 364 390 391 
6 366 367 368 369 393 397 
6 369 370 371 372 382 385 
6 373 375 376 377 416 417 
6 374 375 379 381 382 383 
6 377 378 379 380 612 613 
6 383 384 385 386 388 391 
6 387 388 389 390 606 607 
6 392 393 394 395 418 421 
6 395 396 397 398 408 411 
6 399 401 402 403 438 439 
6 400 401 405 407 408 409 
6 403 404 405 406 639 640 
6 409 410 411 412 414 417 
6 413 414 415 416 631 632 
6 419 420 421 422 430 433 
6 423 424 427 429 430 431 
6 425 426 427 428 441 445 
6 431 432 433 434 436 439 
6 435 436 437 438 464 465 
6 440 441 442 443 540 543 
6 443 444 445 446 456 459 
6 447 449 450 451 556 557 
6 448 449 453 455 456 457 
6 451 452 453 454 467 471 
6 457 458 459 460 462 465 
6 461 462 463 464 490 491 
6 466 467 468 469 493 497 
6 469 470 471 472 482 485 
6 473 475 476 477 516 517 
6 474 475 479 481 482 483 
6 477 478 479 480 624 627 
6 483 484 485 486 488 491 
6 487 488 489 490 640 641 
6 492 493 494 495 519 523 
6 495 496 497 498 508 511 
6 499 501 502 503 538 539 
6 500 501 505 507 508 509 
6 503 504 505 506 566 567 
6 509 510 511 512 514 517 
6 513 514 515 516 559 560 
6 518 519 520 521 555 556 
6 521 522 523 524 532 535 
6 525 527 528 529 547 548 
6 526 527 530 531 532 533 
6 533 534 535 536 537 539 
6 541 542 543 544 550 553 
6 545 546 548 549 550 551 
6 551 552 553 554 555 557 
6 558 559 562 564 593 594 
6 560 561 562 563 570 573 
6 565 566 568 569 570 571 
6 571 572 573 574 575 578 
6 576 577 578 579 601 602 
6 580 582 583 584 630 631 
6 581 582 586 588 613 614 
6 584 585 586 587 596 599 
6 589 591 592 593 624 625 
6 590 591 594 595 596 597 
6 597 598 599 600 601 604 
6 602 603 604 605 621 622 
6 607 608 609 610 616 619 
6 611 612 614 615 616 617 
6 617 618 619 620 621 623 
6 625 626 627 628 634 637 
6 629 630 632 633 634 635 
6 635 636 637 638 639 641 
6 1 42 163 164 270 271 
6 1 43 162 164 528 529 
6 42 43 162 163 166 168 
6 12 42 166 167 275 276 
6 42 44 164 165 167 168 
6 12 44 165 166 172 180 
6 43 44 164 166 169 170 
6 13 44 168 170 183 184 
6 13 43 168 169 530 531 
6 12 45 172 173 288 291 
6 12 46 167 171 173 180 
6 45 46 171 172 175 177 
6 4 45 175 176 267 290 
6 45 47 173 174 176 177 
6 4 47 174 175 192 193 
6 46 47 173 175 178 179 
6 14 47 177 179 197 198 
6 14 46 177 178 181 182 
6 44 46 167 172 181 183 
6 46 48 179 180 182 183 
6 14 48 179 181 185 186 
6 44 48 169 180 181 184 
6 13 48 169 183 190 191 
6 14 49 182 186 212 217 
6 48 49 182 185 188 190 
6 0 49 188 189 215 216 
6 49 50 186 187 189 190 
6 0 50 187 188 502 538 
6 48 50 184 186 188 191 
6 13 50 184 190 534 537 
6 4 51 176 193 218 219 
6 47 51 176 192 195 197 
6 15 51 195 196 223 224 
6 51 52 193 194 196 197 
6 15 52 194 195 200 208 
6 47 52 178 193 195 198 
6 14 52 178 197 211 212 
6 15 53 200 201 238 243 
6 15 54 196 199 201 208 
6 53 54 199 200 203 205 
6 9 53 203 204 241 242 
6 53 55 201 202 204 205 
6 9 55 202 203 576 577 
6 54 55 201 203 206 207 
6 16 55 205 207 572 575 
6 16 54 205 206 209 210 
6 52 54 196 200 209 211 
6 54 56 207 208 210 211 
6 16 56 207 209 213 214 
6 52 56 198 208 209 212 
6 14 56 185 198 211 217 
6 16 57 210 214 568 569 
6 56 57 210 213 216 217 
6 0 57 187 216 504 567 
6 49 57 187 214 215 217 
6 49 56 185 212 214 216 
6 4 58 192 219 266 267 
6 51 58 192 218 221 223 
6 17 58 221 222 262 265 
6 58 59 219 220 222 223 
6 17 59 220 221 226 234 
6 51 59 194 219 221 224 
6 15 59 194 223 237 238 
6 17 60 226 227 258 259 
6 17 61 222 225 227 234 
6 60 61 225 226 229 231 
6 5 60 229 230 256 257 
6 60 62 227 228 230 231 
6 5 62 228 229 389 606 
6 61 62 227 229 232 233 
6 18 62 231 233 609 610 
6 18 61 231 232 235 236 
6 59 61 222 226 235 237 
6 61 63 233 234 236 237 
6 18 63 233 235 239 240 
6 59 63 224 234 235 238 
6 15 63 199 224 237 243 
6 18 64 236 240 620 623 
6 63 64 236 239 242 243 
6 9 64 202 242 603 622 
6 53 64 202 240 241 243 
6 53 63 199 238 240 242 
6 8 65 245 246 341 344 
6 8 66 244 246 280 281 
6 65 66 244 245 248 250 
6 19 65 248 249 347 348 
6 65 67 246 247 249 250 
6 19 67 247 248 254 260 
6 66 67 246 248 251 252 
6 20 67 250 252 263 264 
6 20 66 250 251 282 283 
6 19 68 254 255 360 365 
6 19 69 249 253 255 260 
6 68 69 253 254 257 258 
6 5 68 228 257 363 364 
6 60 68 228 255 256 258 
6 60 69 225 255 257 259 
6 17 69 225 258 261 262 
6 67 69 249 254 261 263 
6 69 70 259 260 262 263 
6 17 70 220 259 261 265 
6 67 70 251 260 261 264 
6 20 70 251 263 268 269 
6 58 70 220 262 266 268 
6 58 71 218 265 267 268 
6 4 71 174 218 266 290 
6 70 71 264 265 266 269 
6 20 71 264 268 286 289 
6 1 72 162 271 292 293 
6 42 72 162 270 273 275 
6 21 72 273 274 297 298 
6 72 73 271 272 274 275 
6 21 73 272 273 278 284 
6 42 73 165 271 273 276 
6 12 73 165 275 287 288 
6 21 74 278 279 312 317 
6 21 75 274 277 279 284 
6 74 75 277 278 281 282 
6 8 74 245 281 315 316 
6 66 74 245 279 280 282 
6 66 75 252 279 281 283 
6 20 75 252 282 285 286 
6 73 75 274 278 285 287 
6 75 76 283 284 286 287 
6 20 76 269 283 285 289 
6 73 76 276 284 285 288 
6 12 76 171 276 287 291 
6 71 76 269 286 290 291 
6 45 71 174 267 289 291 
6 45 76 171 288 289 290 
6 1 77 270 293 528 547 
6 72 77 270 292 295 297 
6 22 77 295 296 545 546 
6 77 78 293 294 296 297 
6 22 78 294 295 300 308 
6 72 78 272 293 295 298 
6 21 78 272 297 311 312 
6 22 79 300 301 541 542 
6 22 80 296 299 301 308 
6 79 80 299 300 303 305 
6 10 79 303 304 440 540 
6 79 81 301 302 304 305 
6 10 81 302 303 318 319 
6 80 81 301 303 306 307 
6 23 81 305 307 323 324 
6 23 80 305 306 309 310 
6 78 80 296 300 309 311 
6 80 82 307 308 310 311 
6 23 82 307 309 313 314 
6 78 82 298 308 309 312 
6 21 82 277 298 311 317 
6 23 83 310 314 338 343 
6 82 83 310 313 316 317 
6 8 83 280 316 341 342 
6 74 83 280 314 315 317 
6 74 82 277 312 314 316 
6 10 84 304 319 425 426 
6 81 84 304 318 321 323 
6 24 84 321 322 423 424 
6 84 85 319 320 322 323 
6 24 85 320 321 326 334 
6 81 85 306 319 321 324 
6 23 85 306 323 337 338 
6 24 86 326 327 419 420 
6 24 87 322 325 327 334 
6 86 87 325 326 329 331 
6 3 86 329 330 392 418 
6 86 88 327 328 330 331 
6 3 88 328 329 351 352 
6 87 88 327 329 332 333 
6 25 88 331 333 349 350 
6 25 87 331 332 335 336 
6 85 87 322 326 335 337 
6 87 89 333 334 336 337 
6 25 89 333 335 339 340 
6 85 89 324 334 335 338 
6 23 89 313 324 337 343 
6 25 90 336 340 345 346 
6 89 90 336 339 342 343 
6 8 90 244 315 342 344 
6 83 90 315 340 341 343 
6 83 89 313 338 340 342 
6 65 90 244 341 345 347 
6 90 91 339 344 346 347 
6 25 91 339 345 349 356 
6 65 91 247 344 345 348 
6 19 91 247 347 359 360 
6 25 92 332 346 350 356 
6 88 92 332 349 351 353 
6 88 93 330 350 352 353 
6 3 93 330 351 366 367 
6 92 93 350 351 354 355 
6 26 93 353 355 371 372 
6 26 92 353 354 357 358 
6 91 92 346 349 357 359 
6 92 94 355 356 358 359 
6 26 94 355 357 361 362 
6 91 94 348 356 357 360 
6 19 94 253 348 359 365 
6 26 95 358 362 386 391 
6 94 95 358 361 364 365 
6 5 95 256 364 389 390 
6 68 95 256 362 363 365 
6 68 94 253 360 362 364 
6 3 96 352 367 392 393 
6 93 96 352 366 369 371 
6 27 96 369 370 397 398 
6 96 97 367 368 370 371 
6 27 97 368 369 374 382 
6 93 97 354 367 369 372 
6 26 97 354 371 385 386 
6 27 98 374 375 412 417 
6 27 99 370 373 375 382 
6 98 99 373 374 377 379 
6 2 98 377 378 415 416 
6 98 100 375 376 378 379 
6 2 100 376 377 581 613 
6 99 100 375 377 380 381 
6 28 100 379 381 611 612 
6 28 99 379 380 383 384 
6 97 99 370 374 383 385 
6 99 101 381 382 384 385 
6 28 101 381 383 387 388 
6 97 101 372 382 383 386 
6 26 101 361 372 385 391 
6 28 102 384 388 607 608 
6 101 102 384 387 390 391 
6 5 102 230 363 390 606 
6 95 102 363 388 389 391 
6 95 101 361 386 388 390 
6 3 103 328 366 393 418 
6 96 103 366 392 395 397 
6 29 103 395 396 421 422 
6 103 104 393 394 396 397 
6 29 104 394 395 400 408 
6 96 104 368 393 395 398 
6 27 104 368 397 411 412 
6 29 105 400 401 434 439 
6 29 106 396 399 401 408 
6 105 106 399 400 403 405 
6 7 105 403 404 437 438 
6 105 107 401 402 404 405 
6 7 107 402 403 489 640 
6 106 107 401 403 406 407 
6 30 107 405 407 636 639 
6 30 106 405 406 409 410 
6 104 106 396 400 409 411 
6 106 108 407 408 410 411 
6 30 108 407 409 413 414 
6 104 108 398 408 409 412 
6 27 108 373 398 411 417 
6 30 109 410 414 632 633 
6 108 109 410 413 416 417 
6 2 109 376 416 580 631 
6 98 109 376 414 415 417 
6 98 108 373 412 414 416 
6 86 103 328 392 419 421 
6 86 110 325 418 420 421 
6 24 110 325 419 423 430 
6 103 110 394 418 419 422 
6 29 110 394 421 433 434 
6 24 111 320 420 424 430 
6 84 111 320 423 425 427 
6 84 112 318 424 426 427 
6 10 112 318 425 440 441 
6 111 112 424 425 428 429 
6 31 112 427 429 445 446 
6 31 111 427 428 431 432 
6 110 111 420 423 431 433 
6 111 113 429 430 432 433 
6 31 113 429 431 435 436 
6 110 113 422 430 431 434 
6 29 113 399 422 433 439 
6 31 114 432 436 460 465 
6 113 114 432 435 438 439 
6 7 114 402 438 463 464 
6 105 114 402 436 437 439 
6 105 113 399 434 436 438 
6 10 115 302 426 441 540 
6 112 115 426 440 443 445 
6 32 115 443 444 543 544 
6 115 116 441 442 444 445 
6 32 116 442 443 448 456 
6 112 116 428 441 443 446 
6 31 116 428 445 459 460 
6 32 117 448 449 554 557 
6 32 118 444 447 449 456 
6 117 118 447 448 451 453 
6 6 117 451 452 518 556 
6 117 119 449 450 452 453 
6 6 119 450 451 466 467 
6 118 119 449 451 454 455 
6 33 119 453 455 471 472 
6 33 118 453 454 457 458 
6 116 118 444 448 457 459 
6 118 120 455 456 458 459 
6 33 120 455 457 461 462 
6 116 120 446 456 457 460 
6 31 120 435 446 459 465 
6 33 121 458 462 486 491 
6 120 121 458 461 464 465 
6 7 121 437 464 489 490 
6 114 121 437 462 463 465 
6 114 120 435 460 462 464 
6 6 122 452 467 492 493 
6 119 122 452 466 469 471 
6 34 122 469 470 497 498 
6 122 123 467 468 470 471 
6 34 123 468 469 474 482 
6 119 123 454 467 469 472 
6 33 123 454 471 485 486 
6 34 124 474 475 512 517 
6 34 125 470 473 475 482 
6 124 125 473 474 477 479 
6 11 124 477 478 515 516 
6 124 126 475 476 478 479 
6 11 126 476 477 592 624 
6 125 126 475 477 480 481 
6 35 126 479 481 627 628 
6 35 125 479 480 483 484 
6 123 125 470 474 483 485 
6 125 127 481 482 484 485 
6 35 127 481 483 487 488 
6 123 127 472 482 483 486 
6 33 127 461 472 485 491 
6 35 128 484 488 638 641 
6 127 128 484 487 490 491 
6 7 128 404 463 490 640 
6 121 128 463 488 489 491 
6 121 127 461 486 488 490 
6 6 129 466 493 518 519 
6 122 129 466 492 495 497 
6 36 129 495 496 523 524 
6 129 130 493 494 496 497 
6 36 130 494 495 500 508 
6 122 130 468 493 495 498 
6 34 130 468 497 511 512 
6 36 131 500 501 536 539 
6 36 132 496 499 501 508 
6 131 132 499 500 503 505 
6 0 131 189 503 504 538 
6 131 133 501 502 504 505 
6 0 133 215 502 503 567 
6 132 133 501 503 506 507 
6 37 133 505 507 565 566 
6 37 132 505 506 509 510 
6 130 132 496 500 509 511 
6 132 134 507 508 510 511 
6 37 134 507 509 513 514 
6 130 134 498 508 509 512 
6 34 134 473 498 511 517 
6 37 135 510 514 560 561 
6 134 135 510 513 516 517 
6 11 135 476 516 558 559 
6 124 135 476 514 515 517 
6 124 134 473 512 514 516 
6 6 136 450 492 519 556 
6 129 136 492 518 521 523 
6 38 136 521 522 552 555 
6 136 137 519 520 522 523 
6 38 137 520 521 526 532 
6 129 137 494 519 521 524 
6 36 137 494 523 535 536 
6 38 138 526 527 548 549 
6 38 139 522 525 527 532 
6 138 139 525 526 529 530 
6 1 138 163 292 529 547 
6 43 138 163 527 528 530 
6 43 139 170 527 529 531 
6 13 139 170 530 533 534 
6 137 139 522 526 533 535 
6 139 140 531 532 534 535 
6 13 140 191 531 533 537 
6 137 140 524 532 533 536 
6 36 140 499 524 535 539 
6 50 140 191 534 538 539 
6 50 131 189 502 537 539 
6 131 140 499 536 537 538 
6 79 115 302 440 541 543 
6 79 141 299 540 542 543 
6 22 141 299 541 545 550 
6 115 141 442 540 541 544 
6 32 141 442 543 553 554 
6 22 142 294 542 546 550 
6 77 142 294 545 547 548 
6 77 138 292 528 546 548 
6 138 142 525 546 547 549 
6 38 142 525 548 551 552 
6 141 142 542 545 551 553 
6 142 143 549 550 552 553 
6 38 143 520 549 551 555 
6 141 143 544 550 551 554 
6 32 143 447 544 553 557 
6 136 143 520 552 556 557 
6 117 136 450 518 555 557 
6 117 143 447 554 555 556 
6 11 144 515 559 592 593 
6 135 144 515 558 560 562 
6 135 145 513 559 561 562 
6 37 145 513 560 565 570 
6 144 145 559 560 563 564 
6 39 145 562 564 573 574 
6 39 144 562 563 594 595 
6 37 146 506 561 566 570 
6 133 146 506 565 567 568 
6 57 133 215 504 566 568 
6 57 146 213 566 567 569 
6 16 146 213 568 571 572 
6 145 146 561 565 571 573 
6 146 147 569 570 572 573 
6 16 147 206 569 571 575 
6 145 147 563 570 571 574 
6 39 147 563 573 578 579 
6 55 147 206 572 576 578 
6 55 148 204 575 577 578 
6 9 148 204 576 602 603 
6 147 148 574 575 576 579 
6 39 148 574 578 598 601 
6 2 149 415 581 582 631 
6 2 150 378 580 582 613 
6 149 150 580 581 584 586 
6 40 149 584 585 629 630 
6 149 151 582 583 585 586 
6 40 151 583 584 590 596 
6 150 151 582 584 587 588 
6 41 151 586 588 599 600 
6 41 150 586 587 614 615 
6 40 152 590 591 625 626 
6 40 153 585 589 591 596 
6 152 153 589 590 593 594 
6 11 152 478 558 593 624 
6 144 152 558 591 592 594 
6 144 153 564 591 593 595 
6 39 153 564 594 597 598 
6 151 153 585 590 597 599 
6 153 154 595 596 598 599 
6 39 154 579 595 597 601 
6 151 154 587 596 597 600 
6 41 154 587 599 604 605 
6 148 154 579 598 602 604 
6 148 155 577 601 603 604 
6 9 155 241 577 602 622 
6 154 155 600 601 602 605 
6 41 155 600 604 618 621 
6 62 102 230 389 607 609 
6 102 156 387 606 608 609 
6 28 156 387 607 611 616 
6 62 156 232 606 607 610 
6 18 156 232 609 619 620 
6 28 157 380 608 612 616 
6 100 157 380 611 613 614 
6 100 150 378 581 612 614 
6 150 157 588 612 613 615 
6 41 157 588 614 617 618 
6 156 157 608 611 617 619 
6 157 158 615 616 618 619 
6 41 158 605 615 617 621 
6 156 158 610 616 617 620 
6 18 158 239 610 619 623 
6 155 158 605 618 622 623 
6 64 155 241 603 621 623 
6 64 158 239 620 621 622 
6 126 152 478 592 625 627 
6 152 159 589 624 626 627 
6 40 159 589 625 629 634 
6 126 159 480 624 625 628 
6 35 159 480 627 637 638 
6 40 160 583 626 630 634 
6 149 160 583 629 631 632 
6 109 149 415 580 630 632 
6 109 160 413 630 631 633 
6 30 160 413 632 635 636 
6 159 160 626 629 635 637 
6 160 161 633 634 636 637 
6 30 161 406 633 635 639 
6 159 161 628 634 635 638 
6 35 161 487 628 637 641 
6 107 161 406 636 640 641 
6 107 128 404 489 639 641 
6 128 161 487 638 639 640 

