162

-0.525731 0 0.850651
0.525731 0 0.850651
-0.525731 0 -0.850651
0.525731 0 -0.850651
0 0.850651 0.525731
0 0.850651 -0.525731
0 -0.850651 0.525731
0 -0.850651 -0.525731
0.850651 0.525731 0
-0.850651 0.525731 0
0.850651 -0.525731 0
-0.850651 -0.525731 0
0.309017 0.5 0.809017
0 0 1
-0.309017 0.5 0.809017
-0.5 0.809017 0.309017
-0.809017 0.309017 0.5
0 1 0
-0.5 0.809017 -0.309017
0.5 0.809017 -0.309017
0.5 0.809017 0.309017
0.809017 0.309017 0.5
0.809017 -0.309017 0.5
1 0 0
0.809017 -0.309017 -0.5
0.809017 0.309017 -0.5
0.309017 0.5 -0.809017
0 0 -1
-0.309017 0.5 -0.809017
0.309017 -0.5 -0.809017
-0.309017 -0.5 -0.809017
0.5 -0.809017 -0.309017
0.5 -0.809017 0.309017
0 -1 0
-0.5 -0.809017 0.309017
-0.5 -0.809017 -0.309017
-0.309017 -0.5 0.809017
-0.809017 -0.309017 0.5
0.309017 -0.5 0.809017
-1 0 0
-0.809017 -0.309017 -0.5
-0.809017 0.309017 -0.5
0.433888 0.259892 0.862669
0.273266 0 0.961938
0.16246 0.262866 0.951057
0.160622 0.702047 0.69378
0 0.525731 0.850651
-0.160622 0.702047 0.69378
-0.16246 0.262866 0.951057
-0.433888 0.259892 0.862669
-0.273266 0 0.961938
-0.259892 0.862669 0.433888
-0.425325 0.688191 0.587785
-0.702047 0.69378 0.160622
-0.688191 0.587785 0.425325
-0.862669 0.433888 0.259892
-0.587785 0.425325 0.688191
-0.69378 0.160622 0.702047
0 0.961938 0.273266
-0.262866 0.951057 0.16246
0 0.961938 -0.273266
-0.262866 0.951057 -0.16246
-0.259892 0.862669 -0.433888
-0.525731 0.850651 0
-0.702047 0.69378 -0.160622
0.702047 0.69378 -0.160622
0.702047 0.69378 0.160622
0.525731 0.850651 0
0.259892 0.862669 -0.433888
0.262866 0.951057 -0.16246
0.262866 0.951057 0.16246
0.259892 0.862669 0.433888
0.69378 0.160622 0.702047
0.587785 0.425325 0.688191
0.862669 0.433888 0.259892
0.688191 0.587785 0.425325
0.425325 0.688191 0.587785
0.69378 -0.160622 0.702047
0.850651 0 0.525731
0.862669 -0.433888 0.259892
0.951057 -0.16246 0.262866
0.961938 -0.273266 0
0.951057 0.16246 0.262866
0.961938 0.273266 0
0.862669 -0.433888 -0.259892
0.951057 -0.16246 -0.262866
0.69378 -0.160622 -0.702047
0.850651 0 -0.525731
0.69378 0.160622 -0.702047
0.951057 0.16246 -0.262866
0.862669 0.433888 -0.259892
0.688191 0.587785 -0.425325
0.587785 0.425325 -0.688191
0.433888 0.259892 -0.862669
0.425325 0.688191 -0.587785
0.160622 0.702047 -0.69378
0.273266 0 -0.961938
0.16246 0.262866 -0.951057
-0.273266 0 -0.961938
-0.16246 0.262866 -0.951057
-0.433888 0.259892 -0.862669
0 0.525731 -0.850651
-0.160622 0.702047 -0.69378
0.433888 -0.259892 -0.862669
0.16246 -0.262866 -0.951057
0.160622 -0.702047 -0.69378
0 -0.525731 -0.850651
-0.160622 -0.702047 -0.69378
-0.16246 -0.262866 -0.951057
-0.433888 -0.259892 -0.862669
0.587785 -0.425325 -0.688191
0.688191 -0.587785 -0.425325
0.702047 -0.69378 -0.160622
0.425325 -0.688191 -0.587785
0.259892 -0.862669 -0.433888
0.702047 -0.69378 0.160622
0.525731 -0.850651 0
0.259892 -0.862669 0.433888
0.262866 -0.951057 0.16246
0 -0.961938 0.273266
0.262866 -0.951057 -0.16246
0 -0.961938 -0.273266
-0.259892 -0.862669 0.433888
-0.262866 -0.951057 0.16246
-0.702047 -0.69378 0.160622
-0.525731 -0.850651 0
-0.702047 -0.69378 -0.160622
-0.262866 -0.951057 -0.16246
-0.259892 -0.862669 -0.433888
-0.160622 -0.702047 0.69378
-0.425325 -0.688191 0.587785
-0.433888 -0.259892 0.862669
-0.587785 -0.425325 0.688191
-0.69378 -0.160622 0.702047
-0.688191 -0.587785 0.425325
-0.862669 -0.433888 0.259892
0.160622 -0.702047 0.69378
0 -0.525731 0.850651
0.433888 -0.259892 0.862669
0.16246 -0.262866 0.951057
-0.16246 -0.262866 0.951057
0.688191 -0.587785 0.425325
0.587785 -0.425325 0.688191
0.425325 -0.688191 0.587785
-0.961938 -0.273266 0
-0.951057 -0.16246 0.262866
-0.850651 0 0.525731
-0.951057 0.16246 0.262866
-0.961938 0.273266 0
-0.69378 -0.160622 -0.702047
-0.69378 0.160622 -0.702047
-0.850651 0 -0.525731
-0.862669 -0.433888 -0.259892
-0.951057 -0.16246 -0.262866
-0.951057 0.16246 -0.262866
-0.862669 0.433888 -0.259892
-0.425325 0.688191 -0.587785
-0.587785 0.425325 -0.688191
-0.688191 0.587785 -0.425325
-0.688191 -0.587785 -0.425325
-0.587785 -0.425325 -0.688191
-0.425325 -0.688191 -0.587785

320

1 42 43
42 12 44
42 44 43
44 13 43
12 45 46
45 4 47
45 47 46
47 14 46
12 46 44
46 14 48
46 48 44
48 13 44
14 49 48
49 0 50
49 50 48
50 13 48
4 51 47
51 15 52
51 52 47
52 14 47
15 53 54
53 9 55
53 55 54
55 16 54
15 54 52
54 16 56
54 56 52
56 14 52
16 57 56
57 0 49
57 49 56
49 14 56
4 58 51
58 17 59
58 59 51
59 15 51
17 60 61
60 5 62
60 62 61
62 18 61
17 61 59
61 18 63
61 63 59
63 15 59
18 64 63
64 9 53
64 53 63
53 15 63
8 65 66
65 19 67
65 67 66
67 20 66
19 68 69
68 5 60
68 60 69
60 17 69
19 69 67
69 17 70
69 70 67
70 20 67
17 58 70
58 4 71
58 71 70
71 20 70
1 72 42
72 21 73
72 73 42
73 12 42
21 74 75
74 8 66
74 66 75
66 20 75
21 75 73
75 20 76
75 76 73
76 12 73
20 71 76
71 4 45
71 45 76
45 12 76
1 77 72
77 22 78
77 78 72
78 21 72
22 79 80
79 10 81
79 81 80
81 23 80
22 80 78
80 23 82
80 82 78
82 21 78
23 83 82
83 8 74
83 74 82
74 21 82
10 84 81
84 24 85
84 85 81
85 23 81
24 86 87
86 3 88
86 88 87
88 25 87
24 87 85
87 25 89
87 89 85
89 23 85
25 90 89
90 8 83
90 83 89
83 23 89
8 90 65
90 25 91
90 91 65
91 19 65
25 88 92
88 3 93
88 93 92
93 26 92
25 92 91
92 26 94
92 94 91
94 19 91
26 95 94
95 5 68
95 68 94
68 19 94
3 96 93
96 27 97
96 97 93
97 26 93
27 98 99
98 2 100
98 100 99
100 28 99
27 99 97
99 28 101
99 101 97
101 26 97
28 102 101
102 5 95
102 95 101
95 26 101
3 103 96
103 29 104
103 104 96
104 27 96
29 105 106
105 7 107
105 107 106
107 30 106
29 106 104
106 30 108
106 108 104
108 27 104
30 109 108
109 2 98
109 98 108
98 27 108
3 86 103
86 24 110
86 110 103
110 29 103
24 84 111
84 10 112
84 112 111
112 31 111
24 111 110
111 31 113
111 113 110
113 29 110
31 114 113
114 7 105
114 105 113
105 29 113
10 115 112
115 32 116
115 116 112
116 31 112
32 117 118
117 6 119
117 119 118
119 33 118
32 118 116
118 33 120
118 120 116
120 31 116
33 121 120
121 7 114
121 114 120
114 31 120
6 122 119
122 34 123
122 123 119
123 33 119
34 124 125
124 11 126
124 126 125
126 35 125
34 125 123
125 35 127
125 127 123
127 33 123
35 128 127
128 7 121
128 121 127
121 33 127
6 129 122
129 36 130
129 130 122
130 34 122
36 131 132
131 0 133
131 133 132
133 37 132
36 132 130
132 37 134
132 134 130
134 34 130
37 135 134
135 11 124
135 124 134
124 34 134
6 136 129
136 38 137
136 137 129
137 36 129
38 138 139
138 1 43
138 43 139
43 13 139
38 139 137
139 13 140
139 140 137
140 36 137
13 50 140
50 0 131
50 131 140
131 36 140
10 79 115
79 22 141
79 141 115
141 32 115
22 77 142
77 1 138
77 138 142
138 38 142
22 142 141
142 38 143
142 143 141
143 32 141
38 136 143
136 6 117
136 117 143
117 32 143
11 135 144
135 37 145
135 145 144
145 39 144
37 133 146
133 0 57
133 57 146
57 16 146
37 146 145
146 16 147
146 147 145
147 39 145
16 55 147
55 9 148
55 148 147
148 39 147
2 149 150
149 40 151
149 151 150
151 41 150
40 152 153
152 11 144
152 144 153
144 39 153
40 153 151
153 39 154
153 154 151
154 41 151
39 148 154
148 9 155
148 155 154
155 41 154
5 102 62
102 28 156
102 156 62
156 18 62
28 100 157
100 2 150
100 150 157
150 41 157
28 157 156
157 41 158
157 158 156
158 18 156
41 155 158
155 9 64
155 64 158
64 18 158
11 152 126
152 40 159
152 159 126
159 35 126
40 149 160
149 2 109
149 109 160
109 30 160
40 160 159
160 30 161
160 161 159
161 35 159
30 107 161
107 7 128
107 128 161
128 35 161

